   0.00000000       644.182617    
   1.00000000       641.780396    
   2.00000000       634.433350    
   3.00000000       622.373901    
   4.00000000       605.919678    
   5.00000000       585.382202    
   6.00000000       561.113586    
   7.00000000       533.684814    
   8.00000000       503.827026    
   9.00000000       471.881165    
   10.0000000       438.448120    
   11.0000000       404.182068    
   12.0000000       369.541901    
   13.0000000       335.116669    
   14.0000000       301.309448    
   15.0000000       268.563995    
   16.0000000       237.242645    
   17.0000000       207.653168    
   18.0000000       180.014664    
   19.0000000       154.485168    
   20.0000000       131.229599    
   21.0000000       110.260040    
   22.0000000       91.6024475    
   23.0000000       75.2228928    
   24.0000000       61.0393181    
   25.0000000       48.9468727    
   26.0000000       38.8061371    
   27.0000000       30.4641380    
   28.0000000       23.7500687    
   29.0000000       18.4879303    
   30.0000000       14.4950686    
   31.0000000       11.5947380    
   32.0000000       9.61393166    
   33.0000000       8.38827991    
   34.0000000       7.76389980    
   35.0000000       7.60348988    
   36.0000000       7.78267956    
   37.0000000       8.19126034    
   38.0000000       8.73471928    
   39.0000000       9.33804989    
   40.0000000       9.93795967    
   41.0000000       10.4821501    
   42.0000000       10.9353209    
   43.0000000       11.2749615    
   44.0000000       11.4842710    
   45.0000000       11.5578499    
   46.0000000       11.4973898    
   47.0000000       11.3109989    
   48.0000000       11.0102701    
   49.0000000       10.6078901    
   50.0000000       10.1242514    
   51.0000000       9.57657051    
   52.0000000       8.98220921    
   53.0000000       8.35760021    
   54.0000000       7.72409964    
   55.0000000       7.09316969    
   56.0000000       6.48058987    
   57.0000000       5.89584017    
   58.0000000       5.34850979    
   59.0000000       4.84497023    
   60.0000000       4.38971996    
   61.0000000       3.98505998    
   62.0000000       3.63095021    
   63.0000000       3.32660007    
   64.0000000       3.06854987    
   65.0000000       2.85289001    
   66.0000000       2.67513990    
   67.0000000       2.52944994    
   68.0000000       2.41003013    
   69.0000000       2.31127000    
   70.0000000       2.22746992    
   71.0000000       2.15313005    
   72.0000000       2.08389997    
   73.0000000       2.01582980    
   74.0000000       1.94559991    
   75.0000000       1.87151003    
   76.0000000       1.79190993    
   77.0000000       1.70651007    
   78.0000000       1.61593997    
   79.0000000       1.52143002    
   80.0000000       1.42504990    
   81.0000000       1.32908976    
   82.0000000       1.23638690    
   83.0000000       1.14999807    
   84.0000000       1.07304502    
   85.0000000       1.00844896    
   86.0000000      0.959099054    
   87.0000000      0.926965952    
   88.0000000      0.913985014    
   89.0000000      0.921253920    
   90.0000000      0.949019015    
   91.0000000      0.996965051    
   92.0000000       1.06414998    
   93.0000000       1.14824009    
   94.0000000       1.24716997    
   95.0000000       1.35740983    
   96.0000000       1.47555995    
   97.0000000       1.59749007    
   98.0000000       1.71904993    
   99.0000000       1.83592987    
   100.000000       1.94408000    
   101.000000       2.03968620    
   102.000000       2.11898494    
   103.000000       2.17958593    
   104.000000       2.21888185    
   105.000000       2.23611355    
   106.000000       2.23015404    
   107.000000       2.20198107    
   108.000000       2.15284801    
   109.000000       2.08486390    
   110.000000       2.00117087    
   111.000000       1.90576899    
   112.000000       1.80253899    
   113.000000       1.69690907    
   114.000000       1.59356189    
   115.000000       1.49787605    
   116.000000       1.41478097    
   117.000000       1.34927785    
   118.000000       1.30542564    
   119.000000       1.28678381    
   120.000000       1.29636204    
   121.000000       1.33566988    
   122.000000       1.40537667    
   123.000000       1.50517142    
   124.000000       1.63345408    
   125.000000       1.78711295    
   126.000000       1.96232808    
   127.000000       2.15455794    
   128.000000       2.35766196    
   129.000000       2.56538963    
   130.000000       2.77048683    
   131.000000       2.96609688    
   132.000000       3.14462113    
   133.000000       3.29906774    
   134.000000       3.42353082    
   135.000000       3.51144910    
   136.000000       3.55843902    
   137.000000       3.56117916    
   138.000000       3.51711011    
   139.000000       3.42614627    
   140.000000       3.28925395    
   141.000000       3.10958409    
   142.000000       2.89197516    
   143.000000       2.64266396    
   144.000000       2.36996269    
   145.000000       2.08378887    
   146.000000       1.79490197    
   147.000000       1.51584017    
   148.000000       1.25943387    
   149.000000       1.03931403    
   150.000000      0.868961930    
   151.000000      0.762225926    
   152.000000      0.731999934    
   153.000000      0.790442944    
   154.000000      0.948590994    
   155.000000       1.21535206    
   156.000000       1.59832990    
   157.000000       2.10256410    
   158.000000       2.73086381    
   159.000000       3.48373818    
   160.000000       4.35879517    
   161.000000       5.35039473    
   162.000000       6.45027685    
   163.000000       7.65074921    
   164.000000       8.93361187    
   165.000000       10.2880630    
   166.000000       11.6944017    
   167.000000       13.1358290    
   168.000000       14.5867405    
   169.000000       16.0302391    
   170.000000       17.4457302    
   171.000000       18.8066998    
   172.000000       20.0932503    
   173.000000       21.2871876    
   174.000000       22.3628979    
   175.000000       23.3071098    
   176.000000       24.1027927    
   177.000000       24.7370586    
   178.000000       25.1974983    
   179.000000       25.4769287    
   180.000000       25.5704403    
