 loop =          -1  is type =           0   0.00000000       15.0000000       0.00000000       1.29999995       0.00000000       0.00000000       0.00000000       0.00000000       0.00000000    
 loop =          -1  is type =           0   0.00000000       14.0000000       0.00000000       1.29999995       0.00000000       0.00000000       0.00000000       0.00000000       0.00000000    
 loop =          -1  is type =           1   0.00000000       75.5120010       1.17400002      0.809000015       2.88100004       1.56299996      0.810999990       0.00000000       0.00000000    
 loop =          -1  is type =           0   0.00000000       2.00000000       0.00000000       1.29999995       0.00000000       0.00000000       0.00000000       0.00000000       0.00000000    
 loop =          -1  is type =           1   0.00000000       73.6988983      0.638100028      0.237800002       6.44290018       1.13639998      0.472200006       0.00000000       0.00000000    
 loop =          -1  is type =           2   0.00000000       0.00000000       0.00000000       0.00000000       7.78800011       1.14419997      0.585900009       0.00000000       0.00000000    
 loop =          -1  is type =           3   0.00000000      0.967400014       1.16719997      0.625100017       0.00000000       0.00000000       0.00000000       0.00000000       0.00000000    
 loop =          -1  is type =           0   0.00000000       2.00000000       0.00000000       1.29999995       0.00000000       0.00000000       0.00000000       0.00000000       0.00000000    
 loop =          -1  is type =           1   0.00000000       44.6749992      0.117299996      0.453900009       0.00000000       0.00000000       0.00000000       0.00000000       0.00000000    
 loop =          -1  is type =           3   0.00000000       8.06000042       1.21000004      0.649999976       0.00000000       0.00000000       0.00000000       0.00000000       0.00000000    
 WOUT,ITER,FALLOC = F           0 F
  0.50000000000000000      +NUMCC:          14           1
  0.50000000000000000      +CCSET:          14           1          14
  0.50000000000000000      -NUMCC:          14           1
  0.50000000000000000      -CCSET:          14           1          14
   1.5000000000000000      +NUMCC:          14           1
   1.5000000000000000      +CCSET:          14           1          14
   1.5000000000000000      -NUMCC:          14           1
   1.5000000000000000      -CCSET:          14           1          14
   2.5000000000000000      +NUMCC:          14           1
   2.5000000000000000      +CCSET:          14           1          14
   2.5000000000000000      -NUMCC:          14           1
   2.5000000000000000      -CCSET:          14           1          14
   3.5000000000000000      +NUMCC:          14           1
   3.5000000000000000      +CCSET:          14           1          14
   3.5000000000000000      -NUMCC:          14           1
   3.5000000000000000      -CCSET:          14           1          14
   4.5000000000000000      +NUMCC:          14           1
   4.5000000000000000      +CCSET:          14           1          14
   4.5000000000000000      -NUMCC:          14           1
   4.5000000000000000      -CCSET:          14           1          14
   5.5000000000000000      +NUMCC:          14           1
   5.5000000000000000      +CCSET:          14           1          14
   5.5000000000000000      -NUMCC:          14           1
   5.5000000000000000      -CCSET:          14           1          14
   6.5000000000000000      +NUMCC:          14           1
   6.5000000000000000      +CCSET:          14           1          14
   6.5000000000000000      -NUMCC:          14           1
   6.5000000000000000      -CCSET:          14           1          14
   7.5000000000000000      +NUMCC:          14           1
   7.5000000000000000      +CCSET:          14           1          14
   7.5000000000000000      -NUMCC:          13           1
   7.5000000000000000      -CCSET:          13           1          13
   8.5000000000000000      +NUMCC:          11           1
   8.5000000000000000      +CCSET:          11           1          11
   8.5000000000000000      -NUMCC:          11           1
   8.5000000000000000      -CCSET:          11           1          11
   9.5000000000000000      +NUMCC:          11           1
   9.5000000000000000      +CCSET:          11           1          11
   9.5000000000000000      -NUMCC:          11           1
   9.5000000000000000      -CCSET:          11           1          11
   10.500000000000000      +NUMCC:          11           1
   10.500000000000000      +CCSET:          11           1          11
   10.500000000000000      -NUMCC:          11           1
   10.500000000000000      -CCSET:          11           1          11
   11.500000000000000      +NUMCC:          11           1
   11.500000000000000      +CCSET:          11           1          11
   11.500000000000000      -NUMCC:          11           1
   11.500000000000000      -CCSET:          11           1          11
   12.500000000000000      +NUMCC:          11           1
   12.500000000000000      +CCSET:          11           1          11
   12.500000000000000      -NUMCC:          11           1
   12.500000000000000      -CCSET:          11           1          11
   13.500000000000000      +NUMCC:          11           1
   13.500000000000000      +CCSET:          11           1          11
   13.500000000000000      -NUMCC:          11           1
   13.500000000000000      -CCSET:          11           1          11
   14.500000000000000      +NUMCC:          11           1
   14.500000000000000      +CCSET:          11           1          11
   14.500000000000000      -NUMCC:          11           1
   14.500000000000000      -CCSET:          11           1          11
   15.500000000000000      +NUMCC:          11           1
   15.500000000000000      +CCSET:          11           1          11
   15.500000000000000      -NUMCC:          11           1
   15.500000000000000      -CCSET:          11           1          11
   16.500000000000000      +NUMCC:          11           1
   16.500000000000000      +CCSET:          11           1          11
   16.500000000000000      -NUMCC:          11           1
   16.500000000000000      -CCSET:          11           1          11
   17.500000000000000      +NUMCC:          11           1
   17.500000000000000      +CCSET:          11           1          11
   17.500000000000000      -NUMCC:          10           1
   17.500000000000000      -CCSET:          10           1          10
   18.500000000000000      +NUMCC:          10           1
   18.500000000000000      +CCSET:          10           1          10
   18.500000000000000      -NUMCC:          10           1
   18.500000000000000      -CCSET:          10           1          10
   19.500000000000000      +NUMCC:          10           1
   19.500000000000000      +CCSET:          10           1          10
   19.500000000000000      -NUMCC:          10           1
   19.500000000000000      -CCSET:          10           1          10
   20.500000000000000      +NUMCC:          10           1
   20.500000000000000      +CCSET:          10           1          10
   20.500000000000000      -NUMCC:          10           1
   20.500000000000000      -CCSET:          10           1          10
   21.500000000000000      +NUMCC:          10           1
   21.500000000000000      +CCSET:          10           1          10
   21.500000000000000      -NUMCC:          10           1
   21.500000000000000      -CCSET:          10           1          10
   22.500000000000000      +NUMCC:          10           1
   22.500000000000000      +CCSET:          10           1          10
   22.500000000000000      -NUMCC:          10           1
   22.500000000000000      -CCSET:          10           1          10
   23.500000000000000      +NUMCC:           9           1
   23.500000000000000      +CCSET:           9           1           9
   23.500000000000000      -NUMCC:           9           1
   23.500000000000000      -CCSET:           9           1           9
   24.500000000000000      +NUMCC:           9           1
   24.500000000000000      +CCSET:           9           1           9
   24.500000000000000      -NUMCC:           9           1
   24.500000000000000      -CCSET:           9           1           9
   25.500000000000000      +NUMCC:           9           1
   25.500000000000000      +CCSET:           9           1           9
   25.500000000000000      -NUMCC:           9           1
   25.500000000000000      -CCSET:           9           1           9
   26.500000000000000      +NUMCC:           8           1
   26.500000000000000      +CCSET:           8           1           8
   26.500000000000000      -NUMCC:           8           1
   26.500000000000000      -CCSET:           8           1           8
   27.500000000000000      +NUMCC:           8           1
   27.500000000000000      +CCSET:           8           1           8
   27.500000000000000      -NUMCC:           8           1
   27.500000000000000      -CCSET:           8           1           8
   28.500000000000000      +NUMCC:           8           1
   28.500000000000000      +CCSET:           8           1           8
   28.500000000000000      -NUMCC:           8           1
   28.500000000000000      -CCSET:           8           1           8
   29.500000000000000      +NUMCC:           6           1
   29.500000000000000      +CCSET:           6           1           6
   29.500000000000000      -NUMCC:           6           1
   29.500000000000000      -CCSET:           6           1           6
   30.500000000000000      +NUMCC:           6           1
   30.500000000000000      +CCSET:           6           1           6
   30.500000000000000      -NUMCC:           6           1
   30.500000000000000      -CCSET:           6           1           6
   31.500000000000000      +NUMCC:           6           1
   31.500000000000000      +CCSET:           6           1           6
   31.500000000000000      -NUMCC:           5           1
   31.500000000000000      -CCSET:           5           1           5
   32.500000000000000      +NUMCC:           4           1
   32.500000000000000      +CCSET:           4           1           4
   32.500000000000000      -NUMCC:           4           1
   32.500000000000000      -CCSET:           4           1           4
   33.500000000000000      +NUMCC:           4           1
   33.500000000000000      +CCSET:           4           1           4
   33.500000000000000      -NUMCC:           4           1
   33.500000000000000      -CCSET:           4           1           4
   34.500000000000000      +NUMCC:           4           1
   34.500000000000000      +CCSET:           4           1           4
   34.500000000000000      -NUMCC:           4           1
   34.500000000000000      -CCSET:           4           1           4
   35.500000000000000      +NUMCC:           3           1
   35.500000000000000      +CCSET:           3           1           3
   35.500000000000000      -NUMCC:           3           1
   35.500000000000000      -CCSET:           3           1           3
   36.500000000000000      +NUMCC:           2           1
   36.500000000000000      +CCSET:           2           1           2
   36.500000000000000      -NUMCC:           2           1
   36.500000000000000      -CCSET:           2           1           2
   37.500000000000000      +NUMCC:           1           1
   37.500000000000000      +CCSET:           1           1           1
   37.500000000000000      -NUMCC:           1           1
   37.500000000000000      -CCSET:           1           1           1
   38.500000000000000      +NUMCC:           1           1
   38.500000000000000      +CCSET:           1           1           1
   38.500000000000000      -NUMCC:           1           1
   38.500000000000000      -CCSET:           1           1           1
   39.500000000000000      +NUMCC:           1           1
   39.500000000000000      +CCSET:           1           1           1
   39.500000000000000      -NUMCC:           1           1
   39.500000000000000      -CCSET:           1           1           1
   40.500000000000000      +NUMCC:           1           1
   40.500000000000000      +CCSET:           1           1           1
   40.500000000000000      -NUMCC:           1           1
   40.500000000000000      -CCSET:           1           1           1
   41.500000000000000      +NUMCC:           1           1
   41.500000000000000      +CCSET:           1           1           1
   41.500000000000000      -NUMCC:           1           1
   41.500000000000000      -CCSET:           1           1           1
   42.500000000000000      +NUMCC:           1           1
   42.500000000000000      +CCSET:           1           1           1
   42.500000000000000      -NUMCC:           1           1
   42.500000000000000      -CCSET:           1           1           1
   43.500000000000000      +NUMCC:           1           1
   43.500000000000000      +CCSET:           1           1           1
   43.500000000000000      -NUMCC:           1           1
   43.500000000000000      -CCSET:           1           1           1
   44.500000000000000      +NUMCC:           1           1
   44.500000000000000      +CCSET:           1           1           1
   44.500000000000000      -NUMCC:           1           1
   44.500000000000000      -CCSET:           1           1           1
   45.500000000000000      +NUMCC:           1           1
   45.500000000000000      +CCSET:           1           1           1
   45.500000000000000      -NUMCC:           1           1
   45.500000000000000      -CCSET:           1           1           1
   46.500000000000000      +NUMCC:           1           1
   46.500000000000000      +CCSET:           1           1           1
   46.500000000000000      -NUMCC:           1           1
   46.500000000000000      -CCSET:           1           1           1
   47.500000000000000      +NUMCC:           1           1
   47.500000000000000      +CCSET:           1           1           1
   47.500000000000000      -NUMCC:           1           1
   47.500000000000000      -CCSET:           1           1           1
   48.500000000000000      +NUMCC:           1           1
   48.500000000000000      +CCSET:           1           1           1
   48.500000000000000      -NUMCC:           1           1
   48.500000000000000      -CCSET:           1           1           1
   49.500000000000000      +NUMCC:           1           1
   49.500000000000000      +CCSET:           1           1           1
   49.500000000000000      -NUMCC:           1           1
   49.500000000000000      -CCSET:           1           1           1
   50.500000000000000      +NUMCC:           1           1
   50.500000000000000      +CCSET:           1           1           1
   50.500000000000000      -NUMCC:           1           1
   50.500000000000000      -CCSET:           1           1           1
