# 181 angles,  1 tensor ranks for 0=projectile
@subtitle   "#!/bin/bash"                                                                   
@legend ON
@legend x1 0.2
@legend y1 0.8
@g0 type LOGY
@yaxis ticklabel format power
@legend string   0 "Lab energy =  106.5000"
#legend string   0 "Partition=  1 Excit=  4 near/far= 1"
#  Theta       sigma       iT11        T20         T21         T22         Kyy for projectile
   0.000       138.8    
   1.000       138.2    
   2.000       136.3    
   3.000       133.3    
   4.000       129.1    
   5.000       123.9    
   6.000       117.7    
   7.000       110.8    
   8.000       103.3    
   9.000       95.37    
   10.00       87.14    
   11.00       78.81    
   12.00       70.53    
   13.00       62.44    
   14.00       54.67    
   15.00       47.31    
   16.00       40.46    
   17.00       34.16    
   18.00       28.44    
   19.00       23.34    
   20.00       18.84    
   21.00       14.93    
   22.00       11.58    
   23.00       8.773    
   24.00       6.454    
   25.00       4.583    
   26.00       3.113    
   27.00       1.997    
   28.00       1.187    
   29.00      0.6361    
   30.00      0.3010    
   31.00      0.1401    
   32.00      0.1158    
   33.00      0.1938    
   34.00      0.3438    
   35.00      0.5395    
   36.00      0.7587    
   37.00      0.9827    
   38.00       1.197    
   39.00       1.389    
   40.00       1.553    
   41.00       1.681    
   42.00       1.770    
   43.00       1.822    
   44.00       1.835    
   45.00       1.812    
   46.00       1.758    
   47.00       1.675    
   48.00       1.570    
   49.00       1.447    
   50.00       1.312    
   51.00       1.169    
   52.00       1.024    
   53.00      0.8797    
   54.00      0.7415    
   55.00      0.6121    
   56.00      0.4941    
   57.00      0.3896    
   58.00      0.2999    
   59.00      0.2257    
   60.00      0.1671    
   61.00      0.1238    
   62.00      0.9490E-01
   63.00      0.7907E-01
   64.00      0.7475E-01
   65.00      0.8011E-01
   66.00      0.9316E-01
   67.00      0.1118    
   68.00      0.1341    
   69.00      0.1580    
   70.00      0.1817    
   71.00      0.2035    
   72.00      0.2220    
   73.00      0.2363    
   74.00      0.2453    
   75.00      0.2488    
   76.00      0.2465    
   77.00      0.2386    
   78.00      0.2256    
   79.00      0.2081    
   80.00      0.1871    
   81.00      0.1636    
   82.00      0.1389    
   83.00      0.1142    
   84.00      0.9080E-01
   85.00      0.6995E-01
   86.00      0.5277E-01
   87.00      0.4023E-01
   88.00      0.3311E-01
   89.00      0.3199E-01
   90.00      0.3717E-01
   91.00      0.4871E-01
   92.00      0.6640E-01
   93.00      0.8976E-01
   94.00      0.1181    
   95.00      0.1504    
   96.00      0.1857    
   97.00      0.2226    
   98.00      0.2598    
   99.00      0.2960    
   100.0      0.3298    
   101.0      0.3599    
   102.0      0.3851    
   103.0      0.4045    
   104.0      0.4172    
   105.0      0.4229    
   106.0      0.4211    
   107.0      0.4120    
   108.0      0.3960    
   109.0      0.3735    
   110.0      0.3457    
   111.0      0.3136    
   112.0      0.2786    
   113.0      0.2423    
   114.0      0.2062    
   115.0      0.1721    
   116.0      0.1416    
   117.0      0.1164    
   118.0      0.9787E-01
   119.0      0.8737E-01
   120.0      0.8588E-01
   121.0      0.9414E-01
   122.0      0.1125    
   123.0      0.1411    
   124.0      0.1796    
   125.0      0.2271    
   126.0      0.2828    
   127.0      0.3452    
   128.0      0.4125    
   129.0      0.4829    
   130.0      0.5542    
   131.0      0.6241    
   132.0      0.6904    
   133.0      0.7506    
   134.0      0.8027    
   135.0      0.8447    
   136.0      0.8748    
   137.0      0.8917    
   138.0      0.8943    
   139.0      0.8821    
   140.0      0.8551    
   141.0      0.8137    
   142.0      0.7590    
   143.0      0.6926    
   144.0      0.6164    
   145.0      0.5330    
   146.0      0.4454    
   147.0      0.3569    
   148.0      0.2712    
   149.0      0.1920    
   150.0      0.1234    
   151.0      0.6917E-01
   152.0      0.3324E-01
   153.0      0.1920E-01
   154.0      0.3039E-01
   155.0      0.6968E-01
   156.0      0.1395    
   157.0      0.2416    
   158.0      0.3771    
   159.0      0.5466    
   160.0      0.7496    
   161.0      0.9852    
   162.0       1.251    
   163.0       1.546    
   164.0       1.864    
   165.0       2.204    
   166.0       2.560    
   167.0       2.927    
   168.0       3.299    
   169.0       3.671    
   170.0       4.037    
   171.0       4.391    
   172.0       4.726    
   173.0       5.038    
   174.0       5.320    
   175.0       5.568    
   176.0       5.777    
   177.0       5.944    
   178.0       6.065    
   179.0       6.139    
   180.0       6.164    
 END
