# Fusion cross sections for ELAB= 106.500, ECM=  11.319
     0.5   20.11      1
     0.5   39.56     -1
     1.5   37.04      1
     1.5   75.94     -1
     2.5   55.56      1
     2.5   113.8     -1
     3.5   77.05      1
     3.5   154.7     -1
     4.5   96.32      1
     4.5   193.5     -1
     5.5   48.31      1
     5.5   164.9     -1
     6.5   56.36      1
     6.5   72.13     -1
     7.5   6.045      1
     7.5   24.05     -1
     8.5   6.802      1
     8.5   9.819     -1
     9.5   1.630      1
     9.5   4.981     -1
    10.5   1.793      1
    10.5   2.711     -1
    11.5  0.5313      1
    11.5   1.533     -1
    12.5  0.5756      1
    12.5  0.8876     -1
    13.5  0.1846      1
    13.5  0.5206     -1
    14.5  0.1978      1
    14.5  0.3074     -1
    15.5  0.6509E-01  1
    15.5  0.1820     -1
    16.5  0.6916E-01  1
    16.5  0.1078     -1
    17.5  0.2286E-01  1
    17.5  0.6374E-01 -1
    18.5  0.2413E-01  1
    18.5  0.3765E-01 -1
    19.5  0.7986E-02  1
    19.5  0.2221E-01 -1
    20.5  0.8386E-02  1
    20.5  0.1310E-01 -1
    21.5  0.2791E-02  1
    21.5  0.7734E-02 -1
    22.5  0.2918E-02  1
    22.5  0.4572E-02 -1
    23.5  0.9828E-03  1
    23.5  0.2708E-02 -1
    24.5  0.1024E-02  1
    24.5  0.1610E-02 -1
    25.5  0.3512E-03  1
    25.5  0.9609E-03 -1
    26.5  0.3647E-03  1
    26.5  0.5761E-03 -1
    27.5  0.1279E-03  1
    27.5  0.3470E-03 -1
    28.5  0.1324E-03  1
    28.5  0.2102E-03 -1
    29.5  0.4749E-04  1
    29.5  0.1279E-03 -1
    30.5  0.4907E-04  1
    30.5  0.7822E-04 -1
    31.5  0.1798E-04  1
    31.5  0.4806E-04 -1
    32.5  0.1853E-04  1
    32.5  0.2966E-04 -1
    33.5  0.6917E-05  1
    33.5  0.1838E-04 -1
    34.5  0.7120E-05  1
    34.5  0.1143E-04 -1
    35.5  0.2694E-05  1
    35.5  0.7127E-05 -1
    36.5  0.2768E-05  1
    36.5  0.4456E-05 -1
    37.5  0.1059E-05  1
    37.5  0.2792E-05 -1
    38.5  0.1087E-05  1
    38.5  0.1753E-05 -1
    39.5  0.4189E-06  1
    39.5  0.1102E-05 -1
    40.5  0.4294E-06  1
    40.5  0.6932E-06 -1
    41.5  0.1662E-06  1
    41.5  0.4365E-06 -1
    42.5  0.1702E-06  1
    42.5  0.2749E-06 -1
    43.5  0.6602E-07  1
    43.5  0.1732E-06 -1
    44.5  0.6752E-07  1
    44.5  0.1091E-06 -1
    45.5  0.2621E-07  1
    45.5  0.6875E-07 -1
    46.5  0.2678E-07  1
    46.5  0.4328E-07 -1
    47.5  0.1038E-07  1
    47.5  0.2722E-07 -1
    48.5  0.1059E-07  1
    48.5  0.1712E-07 -1
    49.5  0.4096E-08  1
    49.5  0.1076E-07 -1
    50.5  0.4181E-08  1
    50.5  0.6743E-08 -1
 &
