# 181 angles,  1 tensor ranks for 0=projectile
@subtitle   "#!/bin/bash"                                                                   
@legend ON
@legend x1 0.2
@legend y1 0.8
@g0 type LOGY
@yaxis ticklabel format power
@legend string   0 "Lab energy =  106.5000"
#legend string   0 "Partition=  1 Excit=  7 near/far= 1"
#  Theta       sigma       iT11        T20         T21         T22         Kyy for projectile
   0.000       66.52    
   1.000       66.33    
   2.000       65.79    
   3.000       64.89    
   4.000       63.65    
   5.000       62.08    
   6.000       60.20    
   7.000       58.04    
   8.000       55.62    
   9.000       52.97    
   10.00       50.12    
   11.00       47.10    
   12.00       43.96    
   13.00       40.72    
   14.00       37.43    
   15.00       34.12    
   16.00       30.82    
   17.00       27.59    
   18.00       24.44    
   19.00       21.42    
   20.00       18.56    
   21.00       15.89    
   22.00       13.42    
   23.00       11.18    
   24.00       9.174    
   25.00       7.409    
   26.00       5.883    
   27.00       4.591    
   28.00       3.520    
   29.00       2.655    
   30.00       1.976    
   31.00       1.464    
   32.00       1.096    
   33.00      0.8511    
   34.00      0.7066    
   35.00      0.6425    
   36.00      0.6399    
   37.00      0.6821    
   38.00      0.7539    
   39.00      0.8428    
   40.00      0.9382    
   41.00       1.032    
   42.00       1.117    
   43.00       1.188    
   44.00       1.244    
   45.00       1.281    
   46.00       1.299    
   47.00       1.300    
   48.00       1.283    
   49.00       1.250    
   50.00       1.204    
   51.00       1.147    
   52.00       1.081    
   53.00       1.008    
   54.00      0.9306    
   55.00      0.8511    
   56.00      0.7713    
   57.00      0.6927    
   58.00      0.6167    
   59.00      0.5444    
   60.00      0.4767    
   61.00      0.4140    
   62.00      0.3568    
   63.00      0.3053    
   64.00      0.2595    
   65.00      0.2191    
   66.00      0.1841    
   67.00      0.1539    
   68.00      0.1282    
   69.00      0.1066    
   70.00      0.8864E-01
   71.00      0.7384E-01
   72.00      0.6180E-01
   73.00      0.5210E-01
   74.00      0.4440E-01
   75.00      0.3838E-01
   76.00      0.3376E-01
   77.00      0.3033E-01
   78.00      0.2791E-01
   79.00      0.2634E-01
   80.00      0.2551E-01
   81.00      0.2535E-01
   82.00      0.2578E-01
   83.00      0.2676E-01
   84.00      0.2823E-01
   85.00      0.3017E-01
   86.00      0.3252E-01
   87.00      0.3522E-01
   88.00      0.3823E-01
   89.00      0.4145E-01
   90.00      0.4481E-01
   91.00      0.4820E-01
   92.00      0.5153E-01
   93.00      0.5467E-01
   94.00      0.5752E-01
   95.00      0.5995E-01
   96.00      0.6188E-01
   97.00      0.6322E-01
   98.00      0.6389E-01
   99.00      0.6386E-01
   100.0      0.6310E-01
   101.0      0.6164E-01
   102.0      0.5953E-01
   103.0      0.5687E-01
   104.0      0.5377E-01
   105.0      0.5040E-01
   106.0      0.4694E-01
   107.0      0.4363E-01
   108.0      0.4069E-01
   109.0      0.3839E-01
   110.0      0.3699E-01
   111.0      0.3673E-01
   112.0      0.3787E-01
   113.0      0.4063E-01
   114.0      0.4521E-01
   115.0      0.5174E-01
   116.0      0.6033E-01
   117.0      0.7102E-01
   118.0      0.8379E-01
   119.0      0.9854E-01
   120.0      0.1151    
   121.0      0.1333    
   122.0      0.1528    
   123.0      0.1733    
   124.0      0.1943    
   125.0      0.2153    
   126.0      0.2359    
   127.0      0.2556    
   128.0      0.2737    
   129.0      0.2898    
   130.0      0.3034    
   131.0      0.3140    
   132.0      0.3211    
   133.0      0.3245    
   134.0      0.3239    
   135.0      0.3192    
   136.0      0.3102    
   137.0      0.2971    
   138.0      0.2800    
   139.0      0.2594    
   140.0      0.2356    
   141.0      0.2093    
   142.0      0.1812    
   143.0      0.1521    
   144.0      0.1228    
   145.0      0.9453E-01
   146.0      0.6819E-01
   147.0      0.4493E-01
   148.0      0.2584E-01
   149.0      0.1204E-01
   150.0      0.4588E-02
   151.0      0.4499E-02
   152.0      0.1269E-01
   153.0      0.2998E-01
   154.0      0.5704E-01
   155.0      0.9438E-01
   156.0      0.1424    
   157.0      0.2011    
   158.0      0.2706    
   159.0      0.3506    
   160.0      0.4407    
   161.0      0.5401    
   162.0      0.6481    
   163.0      0.7635    
   164.0      0.8851    
   165.0       1.012    
   166.0       1.141    
   167.0       1.273    
   168.0       1.404    
   169.0       1.533    
   170.0       1.659    
   171.0       1.779    
   172.0       1.892    
   173.0       1.996    
   174.0       2.090    
   175.0       2.171    
   176.0       2.240    
   177.0       2.295    
   178.0       2.334    
   179.0       2.358    
   180.0       2.366    
 END
