          15           1           1
    0.5+     0 1   23.36       0.000      0.3987E-01  0.1583      0.2706      0.2999      0.3250      0.2937      0.3115      0.4263    
                  0.1289      0.2983      0.6225      0.7849E-01   0.000       0.000       20.11    
    0.5-     1 1   23.23       0.000      0.5179E-01  0.2152      0.3513      0.3960      0.4083      0.3982      0.3937      0.3589    
                  0.4870      0.4389      0.2521      0.2648E-01   0.000       0.000       19.45    
    1.5+     2 1   50.00       0.000      0.2060      0.8620       1.430       1.603       1.537       1.485       1.604       1.003    
                  0.5957       1.455       1.151      0.2705E-01   0.000       0.000       37.04    
    1.5-     1 1   46.45       0.000      0.1036      0.4304      0.7027      0.7919      0.8166      0.7963      0.7875      0.7178    
                  0.9740      0.8778      0.5042      0.5297E-01   0.000       0.000       38.90    
    2.5+     2 1   75.00       0.000      0.3090       1.293       2.145       2.404       2.305       2.228       2.406       1.505    
                  0.8935       2.182       1.727      0.4057E-01   0.000       0.000       55.56    
    2.5-     3 1   84.38       0.000      0.4961       2.098       3.493       3.970       3.751       3.731       3.313       2.370    
                   2.024      0.9256      0.1068E-01  0.3906E-02   0.000       0.000       58.20    
    3.5+     4 1   89.88       0.000      0.3276       1.396       2.311       2.590       2.508       1.506      0.4177      0.6500    
                  0.8379      0.2606      0.1983E-01  0.7858E-04   0.000       0.000       77.05    
    3.5-     3 1   112.5       0.000      0.6614       2.798       4.658       5.293       5.001       4.975       4.417       3.159    
                   2.699       1.234      0.1424E-01  0.5208E-02   0.000       0.000       77.60    
    4.5+     4 1   112.3       0.000      0.4095       1.745       2.889       3.238       3.135       1.882      0.5221      0.8126    
                   1.047      0.3258      0.2479E-01  0.9823E-04   0.000       0.000       96.32    
    4.5-     5 1   115.9       0.000      0.7569       3.118       4.580       4.306       3.088       1.754      0.7938      0.2672    
                  0.6240E-01  0.7385E-02  0.2089E-03  0.2253E-05   0.000       0.000       97.14    
    5.5+     6 1   53.52       0.000      0.2389      0.9648       1.372       1.221      0.7991      0.4025      0.1542      0.4290E-01
                  0.8636E-02  0.1436E-02  0.1842E-03  0.2271E-05   0.000       0.000       48.31    
    5.5-     5 1   139.1       0.000      0.9083       3.742       5.496       5.167       3.706       2.105      0.9526      0.3207    
                  0.7489E-01  0.8863E-02  0.2507E-03  0.2744E-05   0.000       0.000       116.6    
    6.5+     6 1   62.43       0.000      0.2787       1.126       1.601       1.425      0.9323      0.4696      0.1799      0.5005E-01
                  0.1008E-01  0.1676E-02  0.2150E-03  0.2741E-05   0.000       0.000       56.36    
    6.5-     7 1   16.65       0.000      0.4615E-01  0.1854      0.2564      0.2098      0.1161      0.4452E-01  0.1261E-01  0.4183E-02
                  0.2061E-02  0.6380E-03  0.5759E-04  0.2099E-06   0.000       0.000       15.77    
    7.5+     8 1   6.201       0.000      0.1041E-01  0.4067E-01  0.5150E-01  0.3381E-01  0.1191E-01  0.2413E-02  0.1882E-02  0.2009E-02
                  0.8870E-03  0.1286E-03  0.2557E-05  0.2654E-08   0.000       0.000       6.045    
    7.5-     7 1   19.01       0.000      0.5276E-01  0.2117      0.2930      0.2399      0.1326      0.5096E-01  0.1439E-01  0.4790E-02
                  0.2351E-02  0.7296E-03  0.6583E-04  0.2323E-06   0.000       0.000       18.00    
    8.5+     8 1   6.977       0.000      0.1171E-01  0.4573E-01  0.5793E-01  0.3806E-01  0.1341E-01  0.2720E-02  0.2104E-02  0.2250E-02
                  0.9948E-03  0.1452E-03   0.000       0.000       0.000       0.000       6.802    
    8.5-     9 1   3.064       0.000      0.4143E-02  0.1524E-01  0.1645E-01  0.7364E-02  0.8850E-03  0.7307E-03  0.1665E-02  0.1018E-02
                  0.1982E-03  0.5352E-05   0.000       0.000       0.000       0.000       3.017    
    9.5+    10 1   1.649       0.000      0.2135E-02  0.7260E-02  0.6418E-02  0.1637E-02  0.5800E-04  0.1015E-02  0.1040E-02  0.3036E-03
                  0.1084E-04  0.8284E-05   0.000       0.000       0.000       0.000       1.630    
    9.5-     9 1   3.405       0.000      0.4603E-02  0.1693E-01  0.1828E-01  0.8182E-02  0.9833E-03  0.8119E-03  0.1849E-02  0.1131E-02
                  0.2202E-03  0.5946E-05   0.000       0.000       0.000       0.000       3.352    
   10.5+    10 1   1.814       0.000      0.2348E-02  0.7986E-02  0.7060E-02  0.1800E-02  0.6380E-04  0.1116E-02  0.1144E-02  0.3339E-03
                  0.1193E-04  0.9112E-05   0.000       0.000       0.000       0.000       1.793    
   10.5-    11 1  0.9281       0.000      0.1211E-02  0.3774E-02  0.2646E-02  0.2724E-03  0.2703E-03  0.8238E-03  0.4341E-03  0.3919E-04
                  0.8816E-05  0.1033E-04   0.000       0.000       0.000       0.000      0.9186    
   11.5+    12 1  0.5361       0.000      0.7087E-03  0.2007E-02  0.1070E-02  0.1202E-04  0.3571E-03  0.4755E-03  0.1171E-03  0.1321E-05
                  0.1773E-04  0.4788E-05   0.000       0.000       0.000       0.000      0.5313    
   11.5-    11 1   1.012       0.000      0.1321E-02  0.4117E-02  0.2886E-02  0.2972E-03  0.2949E-03  0.8987E-03  0.4735E-03  0.4275E-04
                  0.9618E-05  0.1127E-04   0.000       0.000       0.000       0.000       1.002    
   12.5+    12 1  0.5807       0.000      0.7678E-03  0.2174E-02  0.1159E-02  0.1302E-04  0.3869E-03  0.5151E-03  0.1269E-03  0.1431E-05
                  0.1921E-04  0.5187E-05   0.000       0.000       0.000       0.000      0.5756    
   12.5-    13 1  0.3144       0.000      0.4167E-03  0.1063E-02  0.4060E-03  0.1169E-04  0.2976E-03  0.2102E-03  0.1433E-04  0.1199E-04
                  0.1203E-04  0.1039E-05   0.000       0.000       0.000       0.000      0.3120    
   13.5+    14 1  0.1859       0.000      0.2438E-03  0.5552E-03  0.1385E-03  0.4058E-04  0.1930E-03  0.6997E-04  0.5647E-06  0.1451E-04
                  0.4411E-05  0.5432E-07   0.000       0.000       0.000       0.000      0.1846    
   13.5-    13 1  0.3386       0.000      0.4487E-03  0.1145E-02  0.4372E-03  0.1259E-04  0.3204E-03  0.2264E-03  0.1543E-04  0.1291E-04
                  0.1295E-04  0.1119E-05   0.000       0.000       0.000       0.000      0.3360    
   14.5+    14 1  0.1992       0.000      0.2612E-03  0.5948E-03  0.1484E-03  0.4348E-04  0.2068E-03  0.7496E-04  0.6050E-06  0.1554E-04
                  0.4726E-05  0.5820E-07   0.000       0.000       0.000       0.000      0.1978    
   14.5-    15 1  0.1103       0.000      0.1414E-03  0.2841E-03  0.3981E-04  0.5058E-04  0.1042E-03  0.1532E-04  0.5407E-05  0.8976E-05
                  0.8056E-06  0.3215E-07   0.000       0.000       0.000       0.000      0.1096    
   15.5+    16 1  0.6543E-01   0.000      0.8125E-04  0.1423E-03  0.8328E-05  0.4420E-04  0.4760E-04  0.1227E-05  0.7210E-05  0.3509E-05
                  0.2658E-07  0.6360E-07   0.000       0.000       0.000       0.000      0.6509E-01
   15.5-    15 1  0.1176       0.000      0.1508E-03  0.3031E-03  0.4247E-04  0.5395E-04  0.1111E-03  0.1634E-04  0.5768E-05  0.9574E-05
                  0.8593E-06  0.3430E-07   0.000       0.000       0.000       0.000      0.1169    
   16.5+    16 1  0.6952E-01   0.000      0.8633E-04  0.1512E-03  0.8849E-05  0.4696E-04  0.5058E-04  0.1304E-05  0.7661E-05  0.3728E-05
                  0.2824E-07  0.6757E-07   0.000       0.000       0.000       0.000      0.6916E-01
   16.5-    17 1  0.3878E-01   0.000      0.4630E-04  0.6962E-04  0.7737E-06  0.3172E-04  0.1820E-04  0.3932E-06  0.5278E-05  0.8090E-06
                  0.6883E-07  0.3781E-07   0.000       0.000       0.000       0.000      0.3861E-01
   17.5+    18 1  0.2295E-01   0.000      0.2623E-04  0.3332E-04  0.2089E-06  0.1989E-04  0.5513E-05  0.1529E-05  0.2679E-05  0.6193E-07
                  0.1102E-06  0.1095E-07   0.000       0.000       0.000       0.000      0.2286E-01
   17.5-    17 1  0.4106E-01   0.000      0.4901E-04  0.7370E-04  0.8185E-06  0.3358E-04  0.1926E-04  0.4164E-06  0.5586E-05  0.8554E-06
                  0.7293E-07   0.000       0.000       0.000       0.000       0.000      0.4087E-01
   18.5+    18 1  0.2423E-01   0.000      0.2768E-04  0.3516E-04  0.2205E-06  0.2099E-04  0.5817E-05  0.1614E-05  0.2827E-05  0.6521E-07
                  0.1163E-06   0.000       0.000       0.000       0.000       0.000      0.2413E-01
   18.5-    19 1  0.1356E-01   0.000      0.1480E-04  0.1556E-04  0.8719E-06  0.1120E-04  0.1128E-05  0.1818E-05  0.9714E-06  0.2523E-07
                  0.7086E-07   0.000       0.000       0.000       0.000       0.000      0.1352E-01
   19.5+    20 1  0.8011E-02   0.000      0.8343E-05  0.7094E-05  0.1264E-05  0.5736E-05  0.8614E-07  0.1389E-05  0.2248E-06  0.7494E-07
                  0.2567E-07   0.000       0.000       0.000       0.000       0.000      0.7986E-02
   19.5-    19 1  0.1428E-01   0.000      0.1558E-04  0.1638E-04  0.9178E-06  0.1179E-04  0.1187E-05  0.1913E-05  0.1023E-05  0.2656E-07
                  0.7459E-07   0.000       0.000       0.000       0.000       0.000      0.1423E-01
   20.5+    20 1  0.8411E-02   0.000      0.8760E-05  0.7449E-05  0.1328E-05  0.6023E-05  0.9045E-07  0.1459E-05  0.2360E-06  0.7868E-07
                  0.2696E-07   0.000       0.000       0.000       0.000       0.000      0.8386E-02
   20.5-    21 1  0.4731E-02   0.000      0.4704E-05  0.3143E-05  0.1261E-05  0.2672E-05  0.5315E-07  0.8060E-06  0.1966E-07  0.7057E-07
                  0.4685E-08   0.000       0.000       0.000       0.000       0.000      0.4719E-02
   21.5+    22 1  0.2798E-02   0.000      0.2657E-05  0.1346E-05  0.1042E-05  0.1120E-05  0.1630E-06  0.3706E-06  0.7411E-08  0.3916E-07
                  0.2571E-09   0.000       0.000       0.000       0.000       0.000      0.2791E-02
   21.5-    21 1  0.4957E-02   0.000      0.4927E-05  0.3292E-05  0.1321E-05  0.2800E-05  0.5568E-07  0.8444E-06  0.2060E-07  0.7393E-07
                  0.4908E-08   0.000       0.000       0.000       0.000       0.000      0.4943E-02
   22.5+    22 1  0.2925E-02   0.000      0.2778E-05  0.1407E-05  0.1089E-05  0.1171E-05  0.1704E-06  0.3874E-06  0.7748E-08  0.4094E-07
                  0.2688E-09   0.000       0.000       0.000       0.000       0.000      0.2918E-02
   22.5-    23 1  0.1657E-02   0.000      0.1504E-05  0.5519E-06  0.7650E-06  0.4110E-06  0.2006E-06  0.1318E-06  0.2381E-07  0.1404E-07
                  0.6124E-09   0.000       0.000       0.000       0.000       0.000      0.1654E-02
   23.5+    24 1  0.9848E-03   0.000      0.8533E-06  0.2133E-06  0.5171E-06  0.1239E-06  0.1704E-06  0.3228E-07  0.2612E-07  0.2817E-08
                   0.000       0.000       0.000       0.000       0.000       0.000      0.9828E-03
   23.5-    23 1  0.1729E-02   0.000      0.1569E-05  0.5758E-06  0.7980E-06  0.4288E-06  0.2093E-06  0.1375E-06  0.2482E-07  0.1464E-07
                   0.000       0.000       0.000       0.000       0.000       0.000      0.1726E-02
   24.5+    24 1  0.1026E-02   0.000      0.8888E-06  0.2222E-06  0.5386E-06  0.1291E-06  0.1775E-06  0.3362E-07  0.2721E-07  0.2934E-08
                   0.000       0.000       0.000       0.000       0.000       0.000      0.1024E-02
   24.5-    25 1  0.5873E-03   0.000      0.4855E-06  0.7562E-07  0.3279E-06  0.2617E-07  0.1160E-06  0.3560E-08  0.1794E-07  0.1763E-09
                   0.000       0.000       0.000       0.000       0.000       0.000      0.5862E-03
   25.5+    26 1  0.3518E-03   0.000      0.2770E-06  0.2337E-07  0.1970E-06  0.2254E-08  0.6676E-07  0.7707E-09  0.8815E-08  0.2995E-09
                   0.000       0.000       0.000       0.000       0.000       0.000      0.3512E-03
   25.5-    25 1  0.6108E-03   0.000      0.5049E-06  0.7865E-07  0.3410E-06  0.2722E-07  0.1207E-06  0.3702E-08  0.1865E-07  0.1833E-09
                   0.000       0.000       0.000       0.000       0.000       0.000      0.6097E-03
   26.5+    26 1  0.3653E-03   0.000      0.2876E-06  0.2427E-07  0.2045E-06  0.2344E-08  0.6931E-07  0.8004E-09  0.9150E-08   0.000    
                   0.000       0.000       0.000       0.000       0.000       0.000      0.3647E-03
   26.5-    27 1  0.2117E-03   0.000      0.1581E-06  0.5597E-08  0.1126E-06  0.1323E-08  0.3290E-07  0.3061E-08  0.3084E-08   0.000    
                   0.000       0.000       0.000       0.000       0.000       0.000      0.2114E-03
   27.5+    28 1  0.1280E-03   0.000      0.9044E-07  0.7246E-09  0.6151E-07  0.4303E-08  0.1372E-07  0.4053E-08  0.6589E-09   0.000    
                   0.000       0.000       0.000       0.000       0.000       0.000      0.1279E-03
   27.5-    27 1  0.2195E-03   0.000      0.1640E-06  0.5804E-08  0.1168E-06  0.1372E-08  0.3412E-07  0.3174E-08  0.3198E-08   0.000    
                   0.000       0.000       0.000       0.000       0.000       0.000      0.2192E-03
   28.5+    28 1  0.1326E-03   0.000      0.9367E-07  0.7504E-09  0.6370E-07  0.4456E-08  0.1421E-07  0.4198E-08  0.6824E-09   0.000    
                   0.000       0.000       0.000       0.000       0.000       0.000      0.1324E-03
   28.5-    29 1  0.7783E-04   0.000      0.5176E-07  0.6311E-10  0.3202E-07  0.5863E-08  0.4608E-08  0.3399E-08  0.4756E-10   0.000    
                   0.000       0.000       0.000       0.000       0.000       0.000      0.7773E-04
   29.5+    30 1  0.4754E-04   0.000      0.2961E-07   0.000      0.1583E-07  0.5632E-08  0.1084E-08  0.2156E-08   0.000       0.000    
                   0.000       0.000       0.000       0.000       0.000       0.000      0.4749E-04
   29.5-    29 1  0.8050E-04   0.000      0.5353E-07   0.000      0.3311E-07  0.6062E-08  0.4768E-08  0.3515E-08   0.000       0.000    
                   0.000       0.000       0.000       0.000       0.000       0.000      0.8040E-04
   30.5+    30 1  0.4913E-04   0.000      0.3060E-07   0.000      0.1636E-07  0.5820E-08  0.1121E-08  0.2227E-08   0.000       0.000    
                   0.000       0.000       0.000       0.000       0.000       0.000      0.4907E-04
   30.5-    31 1  0.2918E-04   0.000      0.1694E-07   0.000      0.7382E-08  0.4448E-08  0.1098E-09  0.1087E-08   0.000       0.000    
                   0.000       0.000       0.000       0.000       0.000       0.000      0.2915E-04
   31.5+    32 1  0.1799E-04   0.000      0.9688E-08   0.000      0.3206E-08  0.3074E-08  0.3286E-10  0.4306E-09   0.000       0.000    
                   0.000       0.000       0.000       0.000       0.000       0.000      0.1798E-04
   31.5-    31 1  0.3011E-04   0.000      0.1748E-07   0.000      0.7618E-08  0.4590E-08  0.1134E-09   0.000       0.000       0.000    
                   0.000       0.000       0.000       0.000       0.000       0.000      0.3008E-04
   32.5+    32 1  0.1855E-04   0.000      0.9988E-08   0.000      0.3305E-08  0.3169E-08   0.000       0.000       0.000       0.000    
                   0.000       0.000       0.000       0.000       0.000       0.000      0.1853E-04
   32.5-    33 1  0.1113E-04   0.000      0.5532E-08   0.000      0.1268E-08  0.1908E-08   0.000       0.000       0.000       0.000    
                   0.000       0.000       0.000       0.000       0.000       0.000      0.1113E-04
   33.5+    34 1  0.6921E-05   0.000      0.3158E-08   0.000      0.4378E-09  0.1079E-08   0.000       0.000       0.000       0.000    
                   0.000       0.000       0.000       0.000       0.000       0.000      0.6917E-05
   33.5-    33 1  0.1147E-04   0.000      0.5699E-08   0.000      0.1306E-08  0.1966E-08   0.000       0.000       0.000       0.000    
                   0.000       0.000       0.000       0.000       0.000       0.000      0.1146E-04
   34.5+    34 1  0.7125E-05   0.000      0.3251E-08   0.000      0.4507E-09  0.1111E-08   0.000       0.000       0.000       0.000    
                   0.000       0.000       0.000       0.000       0.000       0.000      0.7120E-05
   34.5-    35 1  0.4313E-05   0.000      0.1799E-08   0.000      0.1203E-09  0.5554E-09   0.000       0.000       0.000       0.000    
                   0.000       0.000       0.000       0.000       0.000       0.000      0.4311E-05
   35.5+    36 1  0.2695E-05   0.000      0.1023E-08   0.000       0.000      0.2583E-09   0.000       0.000       0.000       0.000    
                   0.000       0.000       0.000       0.000       0.000       0.000      0.2694E-05
   35.5-    35 1  0.4436E-05   0.000      0.1850E-08   0.000       0.000      0.5715E-09   0.000       0.000       0.000       0.000    
                   0.000       0.000       0.000       0.000       0.000       0.000      0.4433E-05
   36.5+    36 1  0.2769E-05   0.000      0.1051E-08   0.000       0.000       0.000       0.000       0.000       0.000       0.000    
                   0.000       0.000       0.000       0.000       0.000       0.000      0.2768E-05
   36.5-    37 1  0.1688E-05   0.000      0.5805E-09   0.000       0.000       0.000       0.000       0.000       0.000       0.000    
                   0.000       0.000       0.000       0.000       0.000       0.000      0.1687E-05
   37.5+    38 1  0.1059E-05   0.000       0.000       0.000       0.000       0.000       0.000       0.000       0.000       0.000    
                   0.000       0.000       0.000       0.000       0.000       0.000      0.1059E-05
   37.5-    37 1  0.1733E-05   0.000       0.000       0.000       0.000       0.000       0.000       0.000       0.000       0.000    
                   0.000       0.000       0.000       0.000       0.000       0.000      0.1733E-05
   38.5+    38 1  0.1087E-05   0.000       0.000       0.000       0.000       0.000       0.000       0.000       0.000       0.000    
                   0.000       0.000       0.000       0.000       0.000       0.000      0.1087E-05
   38.5-    39 1  0.6658E-06   0.000       0.000       0.000       0.000       0.000       0.000       0.000       0.000       0.000    
                   0.000       0.000       0.000       0.000       0.000       0.000      0.6658E-06
   39.5+    40 1  0.4189E-06   0.000       0.000       0.000       0.000       0.000       0.000       0.000       0.000       0.000    
                   0.000       0.000       0.000       0.000       0.000       0.000      0.4189E-06
   39.5-    39 1  0.6828E-06   0.000       0.000       0.000       0.000       0.000       0.000       0.000       0.000       0.000    
                   0.000       0.000       0.000       0.000       0.000       0.000      0.6828E-06
   40.5+    40 1  0.4294E-06   0.000       0.000       0.000       0.000       0.000       0.000       0.000       0.000       0.000    
                   0.000       0.000       0.000       0.000       0.000       0.000      0.4294E-06
   40.5-    41 1  0.2638E-06   0.000       0.000       0.000       0.000       0.000       0.000       0.000       0.000       0.000    
                   0.000       0.000       0.000       0.000       0.000       0.000      0.2638E-06
   41.5+    42 1  0.1662E-06   0.000       0.000       0.000       0.000       0.000       0.000       0.000       0.000       0.000    
                   0.000       0.000       0.000       0.000       0.000       0.000      0.1662E-06
   41.5-    41 1  0.2703E-06   0.000       0.000       0.000       0.000       0.000       0.000       0.000       0.000       0.000    
                   0.000       0.000       0.000       0.000       0.000       0.000      0.2703E-06
   42.5+    42 1  0.1702E-06   0.000       0.000       0.000       0.000       0.000       0.000       0.000       0.000       0.000    
                   0.000       0.000       0.000       0.000       0.000       0.000      0.1702E-06
   42.5-    43 1  0.1048E-06   0.000       0.000       0.000       0.000       0.000       0.000       0.000       0.000       0.000    
                   0.000       0.000       0.000       0.000       0.000       0.000      0.1048E-06
   43.5+    44 1  0.6602E-07   0.000       0.000       0.000       0.000       0.000       0.000       0.000       0.000       0.000    
                   0.000       0.000       0.000       0.000       0.000       0.000      0.6602E-07
   43.5-    43 1  0.1072E-06   0.000       0.000       0.000       0.000       0.000       0.000       0.000       0.000       0.000    
                   0.000       0.000       0.000       0.000       0.000       0.000      0.1072E-06
   44.5+    44 1  0.6752E-07   0.000       0.000       0.000       0.000       0.000       0.000       0.000       0.000       0.000    
                   0.000       0.000       0.000       0.000       0.000       0.000      0.6752E-07
   44.5-    45 1  0.4162E-07   0.000       0.000       0.000       0.000       0.000       0.000       0.000       0.000       0.000    
                   0.000       0.000       0.000       0.000       0.000       0.000      0.4162E-07
   45.5+    46 1  0.2621E-07   0.000       0.000       0.000       0.000       0.000       0.000       0.000       0.000       0.000    
                   0.000       0.000       0.000       0.000       0.000       0.000      0.2621E-07
   45.5-    45 1  0.4254E-07   0.000       0.000       0.000       0.000       0.000       0.000       0.000       0.000       0.000    
                   0.000       0.000       0.000       0.000       0.000       0.000      0.4254E-07
   46.5+    46 1  0.2678E-07   0.000       0.000       0.000       0.000       0.000       0.000       0.000       0.000       0.000    
                   0.000       0.000       0.000       0.000       0.000       0.000      0.2678E-07
   46.5-    47 1  0.1650E-07   0.000       0.000       0.000       0.000       0.000       0.000       0.000       0.000       0.000    
                   0.000       0.000       0.000       0.000       0.000       0.000      0.1650E-07
   47.5+    48 1  0.1038E-07   0.000       0.000       0.000       0.000       0.000       0.000       0.000       0.000       0.000    
                   0.000       0.000       0.000       0.000       0.000       0.000      0.1038E-07
   47.5-    47 1  0.1684E-07   0.000       0.000       0.000       0.000       0.000       0.000       0.000       0.000       0.000    
                   0.000       0.000       0.000       0.000       0.000       0.000      0.1684E-07
   48.5+    48 1  0.1059E-07   0.000       0.000       0.000       0.000       0.000       0.000       0.000       0.000       0.000    
                   0.000       0.000       0.000       0.000       0.000       0.000      0.1059E-07
   48.5-    49 1  0.6522E-08   0.000       0.000       0.000       0.000       0.000       0.000       0.000       0.000       0.000    
                   0.000       0.000       0.000       0.000       0.000       0.000      0.6522E-08
   49.5+    50 1  0.4096E-08   0.000       0.000       0.000       0.000       0.000       0.000       0.000       0.000       0.000    
                   0.000       0.000       0.000       0.000       0.000       0.000      0.4096E-08
   49.5-    49 1  0.6662E-08   0.000       0.000       0.000       0.000       0.000       0.000       0.000       0.000       0.000    
                   0.000       0.000       0.000       0.000       0.000       0.000      0.6662E-08
   50.5+    50 1  0.4181E-08   0.000       0.000       0.000       0.000       0.000       0.000       0.000       0.000       0.000    
                   0.000       0.000       0.000       0.000       0.000       0.000      0.4181E-08
   50.5-    51 1  0.2563E-08   0.000       0.000       0.000       0.000       0.000       0.000       0.000       0.000       0.000    
                   0.000       0.000       0.000       0.000       0.000       0.000      0.2563E-08
