# Fusion cross sections for ELAB= 106.500, ECM=  11.319
     0.5   39.56       46.59       7.031    
     1.5   75.94       96.45       20.51    
     2.5   113.8       159.4       45.62    
     3.5   154.7       202.4       47.74    
     4.5   193.5       228.2       34.77    
     5.5   164.9       192.6       27.69    
     6.5   72.13       79.08       6.951    
     7.5   24.05       25.21       1.159    
     8.5   9.819       10.04      0.2227    
     9.5   4.981       5.054      0.7288E-01
    10.5   2.711       2.742      0.3136E-01
    11.5   1.533       1.549      0.1512E-01
    12.5  0.8876      0.8952      0.7614E-02
    13.5  0.5206      0.5245      0.3894E-02
    14.5  0.3074      0.3094      0.2001E-02
    15.5  0.1820      0.1831      0.1030E-02
    16.5  0.1078      0.1083      0.5299E-03
    17.5  0.6374E-01  0.6401E-01  0.2728E-03
    18.5  0.3765E-01  0.3779E-01  0.1409E-03
    19.5  0.2221E-01  0.2229E-01  0.7313E-04
    20.5  0.1310E-01  0.1314E-01  0.3818E-04
    21.5  0.7734E-02  0.7754E-02  0.2009E-04
    22.5  0.4572E-02  0.4582E-02  0.1065E-04
    23.5  0.2708E-02  0.2714E-02  0.5697E-05
    24.5  0.1610E-02  0.1613E-02  0.3073E-05
    25.5  0.9609E-03  0.9626E-03  0.1671E-05
    26.5  0.5761E-03  0.5770E-03  0.9147E-06
    27.5  0.3470E-03  0.3475E-03  0.5039E-06
    28.5  0.2102E-03  0.2104E-03  0.2794E-06
    29.5  0.1279E-03  0.1280E-03  0.1553E-06
    30.5  0.7822E-04  0.7831E-04  0.8609E-07
    31.5  0.4806E-04  0.4811E-04  0.4623E-07
    32.5  0.2966E-04  0.2969E-04  0.2517E-07
    33.5  0.1838E-04  0.1839E-04  0.1365E-07
    34.5  0.1143E-04  0.1144E-04  0.7287E-08
    35.5  0.7127E-05  0.7131E-05  0.3703E-08
    36.5  0.4456E-05  0.4457E-05  0.1632E-08
    37.5  0.2792E-05  0.2792E-05   0.000    
    38.5  0.1753E-05  0.1753E-05   0.000    
    39.5  0.1102E-05  0.1102E-05   0.000    
    40.5  0.6932E-06  0.6932E-06   0.000    
    41.5  0.4365E-06  0.4365E-06   0.000    
    42.5  0.2749E-06  0.2749E-06   0.000    
    43.5  0.1732E-06  0.1732E-06   0.000    
    44.5  0.1091E-06  0.1091E-06   0.000    
    45.5  0.6875E-07  0.6875E-07   0.000    
    46.5  0.4328E-07  0.4328E-07   0.000    
    47.5  0.2722E-07  0.2722E-07   0.000    
    48.5  0.1712E-07  0.1712E-07   0.000    
    49.5  0.1076E-07  0.1076E-07   0.000    
    50.5  0.6743E-08  0.6743E-08   0.000    
 &
