# 181 angles,  1 tensor ranks for 0=projectile
@subtitle   "#!/bin/bash"                                                                   
@legend ON
@legend x1 0.2
@legend y1 0.8
@g0 type LOGY
@yaxis ticklabel format power
@legend string   0 "Lab energy =  106.5000"
#legend string   0 "Partition=  1 Excit=  9 near/far= 1"
#  Theta       sigma       iT11        T20         T21         T22         Kyy for projectile
   0.000       23.52    
   1.000       23.48    
   2.000       23.34    
   3.000       23.10    
   4.000       22.78    
   5.000       22.37    
   6.000       21.88    
   7.000       21.31    
   8.000       20.68    
   9.000       19.97    
   10.00       19.21    
   11.00       18.40    
   12.00       17.54    
   13.00       16.65    
   14.00       15.73    
   15.00       14.78    
   16.00       13.83    
   17.00       12.86    
   18.00       11.90    
   19.00       10.94    
   20.00       9.996    
   21.00       9.071    
   22.00       8.170    
   23.00       7.301    
   24.00       6.469    
   25.00       5.679    
   26.00       4.936    
   27.00       4.245    
   28.00       3.608    
   29.00       3.030    
   30.00       2.511    
   31.00       2.051    
   32.00       1.652    
   33.00       1.311    
   34.00       1.026    
   35.00      0.7939    
   36.00      0.6102    
   37.00      0.4706    
   38.00      0.3701    
   39.00      0.3036    
   40.00      0.2659    
   41.00      0.2520    
   42.00      0.2571    
   43.00      0.2768    
   44.00      0.3071    
   45.00      0.3442    
   46.00      0.3852    
   47.00      0.4274    
   48.00      0.4687    
   49.00      0.5072    
   50.00      0.5417    
   51.00      0.5712    
   52.00      0.5951    
   53.00      0.6130    
   54.00      0.6249    
   55.00      0.6308    
   56.00      0.6311    
   57.00      0.6260    
   58.00      0.6162    
   59.00      0.6022    
   60.00      0.5846    
   61.00      0.5641    
   62.00      0.5411    
   63.00      0.5165    
   64.00      0.4906    
   65.00      0.4642    
   66.00      0.4376    
   67.00      0.4113    
   68.00      0.3856    
   69.00      0.3609    
   70.00      0.3374    
   71.00      0.3152    
   72.00      0.2946    
   73.00      0.2756    
   74.00      0.2581    
   75.00      0.2422    
   76.00      0.2278    
   77.00      0.2147    
   78.00      0.2028    
   79.00      0.1920    
   80.00      0.1821    
   81.00      0.1730    
   82.00      0.1644    
   83.00      0.1562    
   84.00      0.1482    
   85.00      0.1404    
   86.00      0.1325    
   87.00      0.1246    
   88.00      0.1165    
   89.00      0.1083    
   90.00      0.9996E-01
   91.00      0.9148E-01
   92.00      0.8295E-01
   93.00      0.7447E-01
   94.00      0.6613E-01
   95.00      0.5808E-01
   96.00      0.5046E-01
   97.00      0.4343E-01
   98.00      0.3713E-01
   99.00      0.3173E-01
   100.0      0.2739E-01
   101.0      0.2424E-01
   102.0      0.2242E-01
   103.0      0.2201E-01
   104.0      0.2312E-01
   105.0      0.2579E-01
   106.0      0.3005E-01
   107.0      0.3589E-01
   108.0      0.4328E-01
   109.0      0.5215E-01
   110.0      0.6239E-01
   111.0      0.7387E-01
   112.0      0.8644E-01
   113.0      0.9991E-01
   114.0      0.1141    
   115.0      0.1287    
   116.0      0.1435    
   117.0      0.1584    
   118.0      0.1729    
   119.0      0.1869    
   120.0      0.2002    
   121.0      0.2124    
   122.0      0.2234    
   123.0      0.2330    
   124.0      0.2409    
   125.0      0.2471    
   126.0      0.2513    
   127.0      0.2536    
   128.0      0.2539    
   129.0      0.2521    
   130.0      0.2482    
   131.0      0.2424    
   132.0      0.2346    
   133.0      0.2250    
   134.0      0.2138    
   135.0      0.2011    
   136.0      0.1872    
   137.0      0.1722    
   138.0      0.1564    
   139.0      0.1402    
   140.0      0.1236    
   141.0      0.1071    
   142.0      0.9093E-01
   143.0      0.7533E-01
   144.0      0.6060E-01
   145.0      0.4701E-01
   146.0      0.3479E-01
   147.0      0.2418E-01
   148.0      0.1539E-01
   149.0      0.8593E-02
   150.0      0.3943E-02
   151.0      0.1564E-02
   152.0      0.1544E-02
   153.0      0.3939E-02
   154.0      0.8769E-02
   155.0      0.1602E-01
   156.0      0.2564E-01
   157.0      0.3755E-01
   158.0      0.5163E-01
   159.0      0.6774E-01
   160.0      0.8569E-01
   161.0      0.1053    
   162.0      0.1263    
   163.0      0.1484    
   164.0      0.1715    
   165.0      0.1951    
   166.0      0.2191    
   167.0      0.2431    
   168.0      0.2668    
   169.0      0.2899    
   170.0      0.3122    
   171.0      0.3333    
   172.0      0.3529    
   173.0      0.3709    
   174.0      0.3870    
   175.0      0.4010    
   176.0      0.4127    
   177.0      0.4220    
   178.0      0.4287    
   179.0      0.4327    
   180.0      0.4341    
 END
