# 181 angles,  1 tensor ranks for 0=projectile
@subtitle   "#!/bin/bash"                                                                   
@legend ON
@legend x1 0.2
@legend y1 0.8
@g0 type LOGY
@yaxis ticklabel format power
@legend string   0 "Lab energy =  106.5000"
#legend string   0 "Partition=  1 Excit=  1 near/far= 1"
#  Theta       sigma       iT11        T20         T21         T22         Kyy for projectile
  0.1000E-01   1.000    
   1.000      0.9909    
   2.000      0.9577    
   3.000      0.9093    
   4.000      0.8549    
   5.000      0.8028    
   6.000      0.7604    
   7.000      0.7336    
   8.000      0.7270    
   9.000      0.7435    
   10.00      0.7847    
   11.00      0.8504    
   12.00      0.9389    
   13.00       1.047    
   14.00       1.170    
   15.00       1.301    
   16.00       1.436    
   17.00       1.565    
   18.00       1.682    
   19.00       1.781    
   20.00       1.855    
   21.00       1.902    
   22.00       1.917    
   23.00       1.900    
   24.00       1.849    
   25.00       1.764    
   26.00       1.647    
   27.00       1.504    
   28.00       1.341    
   29.00       1.167    
   30.00      0.9888    
   31.00      0.8128    
   32.00      0.6448    
   33.00      0.4910    
   34.00      0.3576    
   35.00      0.2507    
   36.00      0.1746    
   37.00      0.1313    
   38.00      0.1213    
   39.00      0.1438    
   40.00      0.1975    
   41.00      0.2796    
   42.00      0.3857    
   43.00      0.5096    
   44.00      0.6447    
   45.00      0.7858    
   46.00      0.9288    
   47.00       1.070    
   48.00       1.204    
   49.00       1.324    
   50.00       1.421    
   51.00       1.488    
   52.00       1.525    
   53.00       1.534    
   54.00       1.518    
   55.00       1.480    
   56.00       1.418    
   57.00       1.332    
   58.00       1.224    
   59.00       1.100    
   60.00      0.9675    
   61.00      0.8325    
   62.00      0.6994    
   63.00      0.5699    
   64.00      0.4461    
   65.00      0.3316    
   66.00      0.2313    
   67.00      0.1494    
   68.00      0.8770E-01
   69.00      0.4519E-01
   70.00      0.1982E-01
   71.00      0.9803E-02
   72.00      0.1395E-01
   73.00      0.3062E-01
   74.00      0.5672E-01
   75.00      0.8799E-01
   76.00      0.1205    
   77.00      0.1517    
   78.00      0.1796    
   79.00      0.2023    
   80.00      0.2180    
   81.00      0.2253    
   82.00      0.2252    
   83.00      0.2209    
   84.00      0.2171    
   85.00      0.2162    
   86.00      0.2175    
   87.00      0.2212    
   88.00      0.2325    
   89.00      0.2630    
   90.00      0.3263    
   91.00      0.4315    
   92.00      0.5772    
   93.00      0.7531    
   94.00      0.9479    
   95.00       1.161    
   96.00       1.403    
   97.00       1.688    
   98.00       2.021    
   99.00       2.387    
   100.0       2.759    
   101.0       3.107    
   102.0       3.419    
   103.0       3.698    
   104.0       3.958    
   105.0       4.203    
   106.0       4.420    
   107.0       4.585    
   108.0       4.671    
   109.0       4.670    
   110.0       4.591    
   111.0       4.458    
   112.0       4.284    
   113.0       4.073    
   114.0       3.823    
   115.0       3.538    
   116.0       3.234    
   117.0       2.940    
   118.0       2.683    
   119.0       2.482    
   120.0       2.345    
   121.0       2.278    
   122.0       2.297    
   123.0       2.427    
   124.0       2.690    
   125.0       3.095    
   126.0       3.624    
   127.0       4.246    
   128.0       4.931    
   129.0       5.669    
   130.0       6.470    
   131.0       7.351    
   132.0       8.308    
   133.0       9.305    
   134.0       10.28    
   135.0       11.15    
   136.0       11.86    
   137.0       12.39    
   138.0       12.76    
   139.0       12.97    
   140.0       13.05    
   141.0       12.95    
   142.0       12.67    
   143.0       12.17    
   144.0       11.45    
   145.0       10.55    
   146.0       9.507    
   147.0       8.382    
   148.0       7.215    
   149.0       6.039    
   150.0       4.894    
   151.0       3.830    
   152.0       2.915    
   153.0       2.224    
   154.0       1.817    
   155.0       1.730    
   156.0       1.978    
   157.0       2.573    
   158.0       3.546    
   159.0       4.943    
   160.0       6.816    
   161.0       9.200    
   162.0       12.09    
   163.0       15.44    
   164.0       19.18    
   165.0       23.22    
   166.0       27.49    
   167.0       31.94    
   168.0       36.52    
   169.0       41.20    
   170.0       45.89    
   171.0       50.53    
   172.0       55.01    
   173.0       59.21    
   174.0       63.00    
   175.0       66.27    
   176.0       68.96    
   177.0       71.03    
   178.0       72.46    
   179.0       73.31    
   180.0       73.58    
 END
