# 181 angles,  1 tensor ranks for 0=projectile
@subtitle   "#!/bin/bash"                                                                   
@legend ON
@legend x1 0.2
@legend y1 0.8
@g0 type LOGY
@yaxis ticklabel format power
@legend string   0 "Lab energy =  106.5000"
#legend string   0 "Partition=  1 Excit=  3 near/far= 1"
#  Theta       sigma       iT11        T20         T21         T22         Kyy for projectile
   0.000       94.37    
   1.000       93.86    
   2.000       92.32    
   3.000       89.81    
   4.000       86.44    
   5.000       82.30    
   6.000       77.54    
   7.000       72.29    
   8.000       66.72    
   9.000       60.95    
   10.00       55.12    
   11.00       49.35    
   12.00       43.73    
   13.00       38.37    
   14.00       33.30    
   15.00       28.59    
   16.00       24.26    
   17.00       20.33    
   18.00       16.82    
   19.00       13.70    
   20.00       10.98    
   21.00       8.633    
   22.00       6.641    
   23.00       4.979    
   24.00       3.617    
   25.00       2.528    
   26.00       1.680    
   27.00       1.043    
   28.00      0.5892    
   29.00      0.2889    
   30.00      0.1155    
   31.00      0.4413E-01
   32.00      0.5178E-01
   33.00      0.1179    
   34.00      0.2243    
   35.00      0.3552    
   36.00      0.4972    
   37.00      0.6394    
   38.00      0.7728    
   39.00      0.8908    
   40.00      0.9886    
   41.00       1.063    
   42.00       1.113    
   43.00       1.138    
   44.00       1.138    
   45.00       1.117    
   46.00       1.075    
   47.00       1.016    
   48.00      0.9441    
   49.00      0.8614    
   50.00      0.7719    
   51.00      0.6788    
   52.00      0.5852    
   53.00      0.4941    
   54.00      0.4078    
   55.00      0.3285    
   56.00      0.2578    
   57.00      0.1969    
   58.00      0.1466    
   59.00      0.1072    
   60.00      0.7871E-01
   61.00      0.6064E-01
   62.00      0.5226E-01
   63.00      0.5256E-01
   64.00      0.6029E-01
   65.00      0.7407E-01
   66.00      0.9239E-01
   67.00      0.1137    
   68.00      0.1365    
   69.00      0.1594    
   70.00      0.1809    
   71.00      0.2000    
   72.00      0.2156    
   73.00      0.2269    
   74.00      0.2335    
   75.00      0.2350    
   76.00      0.2315    
   77.00      0.2232    
   78.00      0.2104    
   79.00      0.1938    
   80.00      0.1743    
   81.00      0.1528    
   82.00      0.1302    
   83.00      0.1077    
   84.00      0.8637E-01
   85.00      0.6720E-01
   86.00      0.5116E-01
   87.00      0.3907E-01
   88.00      0.3160E-01
   89.00      0.2924E-01
   90.00      0.3227E-01
   91.00      0.4075E-01
   92.00      0.5452E-01
   93.00      0.7321E-01
   94.00      0.9625E-01
   95.00      0.1229    
   96.00      0.1522    
   97.00      0.1831    
   98.00      0.2146    
   99.00      0.2455    
   100.0      0.2746    
   101.0      0.3009    
   102.0      0.3233    
   103.0      0.3410    
   104.0      0.3533    
   105.0      0.3597    
   106.0      0.3599    
   107.0      0.3539    
   108.0      0.3420    
   109.0      0.3245    
   110.0      0.3022    
   111.0      0.2759    
   112.0      0.2467    
   113.0      0.2158    
   114.0      0.1846    
   115.0      0.1544    
   116.0      0.1267    
   117.0      0.1026    
   118.0      0.8354E-01
   119.0      0.7053E-01
   120.0      0.6449E-01
   121.0      0.6611E-01
   122.0      0.7580E-01
   123.0      0.9370E-01
   124.0      0.1197    
   125.0      0.1533    
   126.0      0.1937    
   127.0      0.2400    
   128.0      0.2908    
   129.0      0.3448    
   130.0      0.4002    
   131.0      0.4553    
   132.0      0.5082    
   133.0      0.5571    
   134.0      0.6004    
   135.0      0.6363    
   136.0      0.6634    
   137.0      0.6805    
   138.0      0.6868    
   139.0      0.6817    
   140.0      0.6650    
   141.0      0.6371    
   142.0      0.5985    
   143.0      0.5503    
   144.0      0.4941    
   145.0      0.4316    
   146.0      0.3651    
   147.0      0.2972    
   148.0      0.2305    
   149.0      0.1680    
   150.0      0.1127    
   151.0      0.6763E-01
   152.0      0.3579E-01
   153.0      0.2000E-01
   154.0      0.2288E-01
   155.0      0.4672E-01
   156.0      0.9344E-01
   157.0      0.1645    
   158.0      0.2609    
   159.0      0.3831    
   160.0      0.5309    
   161.0      0.7036    
   162.0      0.8999    
   163.0       1.118    
   164.0       1.355    
   165.0       1.608    
   166.0       1.874    
   167.0       2.149    
   168.0       2.428    
   169.0       2.708    
   170.0       2.984    
   171.0       3.250    
   172.0       3.503    
   173.0       3.739    
   174.0       3.952    
   175.0       4.139    
   176.0       4.298    
   177.0       4.424    
   178.0       4.516    
   179.0       4.572    
   180.0       4.590    
 END
