# 181 angles,  1 tensor ranks for 0=projectile
@subtitle   "#!/bin/bash"                                                                   
@legend ON
@legend x1 0.2
@legend y1 0.8
@g0 type LOGY
@yaxis ticklabel format power
@legend string   0 "Lab energy =  106.5000"
#legend string   0 "Partition=  1 Excit=  6 near/far= 1"
#  Theta       sigma       iT11        T20         T21         T22         Kyy for projectile
   0.000       102.4    
   1.000       102.1    
   2.000       101.1    
   3.000       99.53    
   4.000       97.32    
   5.000       94.54    
   6.000       91.22    
   7.000       87.40    
   8.000       83.14    
   9.000       78.48    
   10.00       73.50    
   11.00       68.27    
   12.00       62.85    
   13.00       57.33    
   14.00       51.78    
   15.00       46.28    
   16.00       40.91    
   17.00       35.74    
   18.00       30.83    
   19.00       26.23    
   20.00       22.00    
   21.00       18.17    
   22.00       14.74    
   23.00       11.74    
   24.00       9.153    
   25.00       6.970    
   26.00       5.168    
   27.00       3.718    
   28.00       2.586    
   29.00       1.737    
   30.00       1.134    
   31.00      0.7379    
   32.00      0.5134    
   33.00      0.4261    
   34.00      0.4444    
   35.00      0.5397    
   36.00      0.6869    
   37.00      0.8644    
   38.00       1.054    
   39.00       1.241    
   40.00       1.415    
   41.00       1.566    
   42.00       1.688    
   43.00       1.779    
   44.00       1.836    
   45.00       1.860    
   46.00       1.852    
   47.00       1.816    
   48.00       1.753    
   49.00       1.669    
   50.00       1.567    
   51.00       1.452    
   52.00       1.327    
   53.00       1.197    
   54.00       1.065    
   55.00      0.9350    
   56.00      0.8092    
   57.00      0.6900    
   58.00      0.5794    
   59.00      0.4786    
   60.00      0.3885    
   61.00      0.3095    
   62.00      0.2418    
   63.00      0.1851    
   64.00      0.1388    
   65.00      0.1021    
   66.00      0.7401E-01
   67.00      0.5353E-01
   68.00      0.3949E-01
   69.00      0.3072E-01
   70.00      0.2608E-01
   71.00      0.2448E-01
   72.00      0.2494E-01
   73.00      0.2658E-01
   74.00      0.2867E-01
   75.00      0.3059E-01
   76.00      0.3191E-01
   77.00      0.3233E-01
   78.00      0.3170E-01
   79.00      0.2998E-01
   80.00      0.2726E-01
   81.00      0.2374E-01
   82.00      0.1968E-01
   83.00      0.1538E-01
   84.00      0.1120E-01
   85.00      0.7481E-02
   86.00      0.4569E-02
   87.00      0.2766E-02
   88.00      0.2326E-02
   89.00      0.3438E-02
   90.00      0.6214E-02
   91.00      0.1068E-01
   92.00      0.1680E-01
   93.00      0.2442E-01
   94.00      0.3332E-01
   95.00      0.4324E-01
   96.00      0.5382E-01
   97.00      0.6469E-01
   98.00      0.7543E-01
   99.00      0.8564E-01
   100.0      0.9491E-01
   101.0      0.1029    
   102.0      0.1092    
   103.0      0.1136    
   104.0      0.1159    
   105.0      0.1161    
   106.0      0.1140    
   107.0      0.1099    
   108.0      0.1039    
   109.0      0.9629E-01
   110.0      0.8747E-01
   111.0      0.7787E-01
   112.0      0.6803E-01
   113.0      0.5848E-01
   114.0      0.4981E-01
   115.0      0.4258E-01
   116.0      0.3735E-01
   117.0      0.3462E-01
   118.0      0.3484E-01
   119.0      0.3835E-01
   120.0      0.4540E-01
   121.0      0.5611E-01
   122.0      0.7050E-01
   123.0      0.8841E-01
   124.0      0.1096    
   125.0      0.1336    
   126.0      0.1599    
   127.0      0.1879    
   128.0      0.2168    
   129.0      0.2458    
   130.0      0.2741    
   131.0      0.3007    
   132.0      0.3247    
   133.0      0.3454    
   134.0      0.3619    
   135.0      0.3735    
   136.0      0.3798    
   137.0      0.3803    
   138.0      0.3747    
   139.0      0.3631    
   140.0      0.3457    
   141.0      0.3227    
   142.0      0.2949    
   143.0      0.2630    
   144.0      0.2280    
   145.0      0.1912    
   146.0      0.1538    
   147.0      0.1174    
   148.0      0.8341E-01
   149.0      0.5358E-01
   150.0      0.2953E-01
   151.0      0.1286E-01
   152.0      0.5138E-02
   153.0      0.7800E-02
   154.0      0.2214E-01
   155.0      0.4926E-01
   156.0      0.9003E-01
   157.0      0.1451    
   158.0      0.2147    
   159.0      0.2990    
   160.0      0.3977    
   161.0      0.5101    
   162.0      0.6354    
   163.0      0.7723    
   164.0      0.9193    
   165.0       1.075    
   166.0       1.236    
   167.0       1.402    
   168.0       1.569    
   169.0       1.735    
   170.0       1.898    
   171.0       2.055    
   172.0       2.204    
   173.0       2.342    
   174.0       2.466    
   175.0       2.575    
   176.0       2.667    
   177.0       2.740    
   178.0       2.793    
   179.0       2.826    
   180.0       2.837    
 END
