# 181 angles,  1 tensor ranks for 0=projectile
@subtitle   "#!/bin/bash"                                                                   
@legend ON
@legend x1 0.2
@legend y1 0.8
@g0 type LOGY
@yaxis ticklabel format power
@legend string   0 "Lab energy =  106.5000"
#legend string   0 "Partition=  1 Excit= 10 near/far= 1"
#  Theta       sigma       iT11        T20         T21         T22         Kyy for projectile
   0.000       15.45    
   1.000       15.42    
   2.000       15.33    
   3.000       15.18    
   4.000       14.97    
   5.000       14.71    
   6.000       14.40    
   7.000       14.03    
   8.000       13.62    
   9.000       13.17    
   10.00       12.68    
   11.00       12.16    
   12.00       11.61    
   13.00       11.04    
   14.00       10.45    
   15.00       9.846    
   16.00       9.236    
   17.00       8.622    
   18.00       8.011    
   19.00       7.404    
   20.00       6.808    
   21.00       6.225    
   22.00       5.659    
   23.00       5.113    
   24.00       4.591    
   25.00       4.095    
   26.00       3.628    
   27.00       3.192    
   28.00       2.788    
   29.00       2.420    
   30.00       2.086    
   31.00       1.790    
   32.00       1.530    
   33.00       1.306    
   34.00       1.118    
   35.00      0.9641    
   36.00      0.8430    
   37.00      0.7522    
   38.00      0.6893    
   39.00      0.6512    
   40.00      0.6348    
   41.00      0.6368    
   42.00      0.6538    
   43.00      0.6825    
   44.00      0.7198    
   45.00      0.7624    
   46.00      0.8077    
   47.00      0.8531    
   48.00      0.8965    
   49.00      0.9359    
   50.00      0.9698    
   51.00      0.9971    
   52.00       1.017    
   53.00       1.028    
   54.00       1.032    
   55.00       1.026    
   56.00       1.013    
   57.00      0.9917    
   58.00      0.9631    
   59.00      0.9279    
   60.00      0.8868    
   61.00      0.8407    
   62.00      0.7905    
   63.00      0.7371    
   64.00      0.6814    
   65.00      0.6242    
   66.00      0.5666    
   67.00      0.5092    
   68.00      0.4528    
   69.00      0.3981    
   70.00      0.3456    
   71.00      0.2960    
   72.00      0.2496    
   73.00      0.2068    
   74.00      0.1679    
   75.00      0.1331    
   76.00      0.1024    
   77.00      0.7604E-01
   78.00      0.5389E-01
   79.00      0.3590E-01
   80.00      0.2197E-01
   81.00      0.1192E-01
   82.00      0.5537E-02
   83.00      0.2588E-02
   84.00      0.2805E-02
   85.00      0.5898E-02
   86.00      0.1157E-01
   87.00      0.1950E-01
   88.00      0.2939E-01
   89.00      0.4092E-01
   90.00      0.5378E-01
   91.00      0.6768E-01
   92.00      0.8233E-01
   93.00      0.9745E-01
   94.00      0.1128    
   95.00      0.1281    
   96.00      0.1432    
   97.00      0.1578    
   98.00      0.1718    
   99.00      0.1851    
   100.0      0.1974    
   101.0      0.2087    
   102.0      0.2188    
   103.0      0.2278    
   104.0      0.2354    
   105.0      0.2418    
   106.0      0.2468    
   107.0      0.2504    
   108.0      0.2527    
   109.0      0.2536    
   110.0      0.2533    
   111.0      0.2517    
   112.0      0.2488    
   113.0      0.2449    
   114.0      0.2398    
   115.0      0.2338    
   116.0      0.2268    
   117.0      0.2190    
   118.0      0.2105    
   119.0      0.2014    
   120.0      0.1918    
   121.0      0.1818    
   122.0      0.1715    
   123.0      0.1610    
   124.0      0.1504    
   125.0      0.1399    
   126.0      0.1295    
   127.0      0.1193    
   128.0      0.1095    
   129.0      0.1001    
   130.0      0.9117E-01
   131.0      0.8288E-01
   132.0      0.7526E-01
   133.0      0.6837E-01
   134.0      0.6228E-01
   135.0      0.5703E-01
   136.0      0.5267E-01
   137.0      0.4923E-01
   138.0      0.4673E-01
   139.0      0.4520E-01
   140.0      0.4463E-01
   141.0      0.4503E-01
   142.0      0.4638E-01
   143.0      0.4868E-01
   144.0      0.5190E-01
   145.0      0.5601E-01
   146.0      0.6097E-01
   147.0      0.6674E-01
   148.0      0.7327E-01
   149.0      0.8052E-01
   150.0      0.8841E-01
   151.0      0.9691E-01
   152.0      0.1059    
   153.0      0.1154    
   154.0      0.1253    
   155.0      0.1355    
   156.0      0.1460    
   157.0      0.1567    
   158.0      0.1675    
   159.0      0.1784    
   160.0      0.1893    
   161.0      0.2001    
   162.0      0.2107    
   163.0      0.2212    
   164.0      0.2314    
   165.0      0.2413    
   166.0      0.2508    
   167.0      0.2599    
   168.0      0.2686    
   169.0      0.2767    
   170.0      0.2842    
   171.0      0.2912    
   172.0      0.2975    
   173.0      0.3032    
   174.0      0.3081    
   175.0      0.3124    
   176.0      0.3159    
   177.0      0.3186    
   178.0      0.3206    
   179.0      0.3218    
   180.0      0.3222    
 END
