# 181 angles,  1 tensor ranks for 0=projectile
@subtitle   "#!/bin/bash"                                                                   
@legend ON
@legend x1 0.2
@legend y1 0.8
@g0 type LOGY
@yaxis ticklabel format power
@legend string   0 "Lab energy =  106.5000"
#legend string   0 "Partition=  1 Excit=  5 near/far= 1"
#  Theta       sigma       iT11        T20         T21         T22         Kyy for projectile
   0.000       132.9    
   1.000       132.4    
   2.000       131.0    
   3.000       128.5    
   4.000       125.2    
   5.000       121.0    
   6.000       116.0    
   7.000       110.2    
   8.000       103.9    
   9.000       97.06    
   10.00       89.82    
   11.00       82.33    
   12.00       74.69    
   13.00       67.06    
   14.00       59.54    
   15.00       52.26    
   16.00       45.31    
   17.00       38.79    
   18.00       32.75    
   19.00       27.25    
   20.00       22.32    
   21.00       17.95    
   22.00       14.17    
   23.00       10.93    
   24.00       8.217    
   25.00       5.993    
   26.00       4.213    
   27.00       2.830    
   28.00       1.798    
   29.00       1.066    
   30.00      0.5887    
   31.00      0.3197    
   32.00      0.2173    
   33.00      0.2430    
   34.00      0.3622    
   35.00      0.5446    
   36.00      0.7643    
   37.00      0.9995    
   38.00       1.232    
   39.00       1.449    
   40.00       1.639    
   41.00       1.795    
   42.00       1.913    
   43.00       1.990    
   44.00       2.027    
   45.00       2.025    
   46.00       1.988    
   47.00       1.919    
   48.00       1.824    
   49.00       1.706    
   50.00       1.572    
   51.00       1.427    
   52.00       1.275    
   53.00       1.121    
   54.00      0.9701    
   55.00      0.8249    
   56.00      0.6887    
   57.00      0.5638    
   58.00      0.4519    
   59.00      0.3543    
   60.00      0.2715    
   61.00      0.2035    
   62.00      0.1499    
   63.00      0.1098    
   64.00      0.8206E-01
   65.00      0.6524E-01
   66.00      0.5772E-01
   67.00      0.5778E-01
   68.00      0.6364E-01
   69.00      0.7356E-01
   70.00      0.8590E-01
   71.00      0.9912E-01
   72.00      0.1119    
   73.00      0.1231    
   74.00      0.1318    
   75.00      0.1375    
   76.00      0.1396    
   77.00      0.1381    
   78.00      0.1331    
   79.00      0.1249    
   80.00      0.1140    
   81.00      0.1010    
   82.00      0.8670E-01
   83.00      0.7195E-01
   84.00      0.5760E-01
   85.00      0.4450E-01
   86.00      0.3343E-01
   87.00      0.2512E-01
   88.00      0.2015E-01
   89.00      0.1895E-01
   90.00      0.2180E-01
   91.00      0.2880E-01
   92.00      0.3984E-01
   93.00      0.5466E-01
   94.00      0.7282E-01
   95.00      0.9372E-01
   96.00      0.1166    
   97.00      0.1407    
   98.00      0.1652    
   99.00      0.1889    
   100.0      0.2112    
   101.0      0.2311    
   102.0      0.2477    
   103.0      0.2606    
   104.0      0.2691    
   105.0      0.2729    
   106.0      0.2718    
   107.0      0.2660    
   108.0      0.2556    
   109.0      0.2412    
   110.0      0.2232    
   111.0      0.2027    
   112.0      0.1805    
   113.0      0.1577    
   114.0      0.1354    
   115.0      0.1148    
   116.0      0.9703E-01
   117.0      0.8317E-01
   118.0      0.7420E-01
   119.0      0.7098E-01
   120.0      0.7415E-01
   121.0      0.8418E-01
   122.0      0.1013    
   123.0      0.1253    
   124.0      0.1561    
   125.0      0.1931    
   126.0      0.2353    
   127.0      0.2818    
   128.0      0.3313    
   129.0      0.3824    
   130.0      0.4334    
   131.0      0.4829    
   132.0      0.5291    
   133.0      0.5704    
   134.0      0.6054    
   135.0      0.6325    
   136.0      0.6506    
   137.0      0.6589    
   138.0      0.6567    
   139.0      0.6437    
   140.0      0.6200    
   141.0      0.5861    
   142.0      0.5428    
   143.0      0.4913    
   144.0      0.4333    
   145.0      0.3707    
   146.0      0.3058    
   147.0      0.2410    
   148.0      0.1792    
   149.0      0.1231    
   150.0      0.7558E-01
   151.0      0.3964E-01
   152.0      0.1807E-01
   153.0      0.1348E-01
   154.0      0.2829E-01
   155.0      0.6457E-01
   156.0      0.1240    
   157.0      0.2079    
   158.0      0.3170    
   159.0      0.4514    
   160.0      0.6110    
   161.0      0.7948    
   162.0       1.001    
   163.0       1.229    
   164.0       1.474    
   165.0       1.734    
   166.0       2.007    
   167.0       2.287    
   168.0       2.570    
   169.0       2.853    
   170.0       3.131    
   171.0       3.400    
   172.0       3.654    
   173.0       3.890    
   174.0       4.103    
   175.0       4.291    
   176.0       4.449    
   177.0       4.575    
   178.0       4.667    
   179.0       4.722    
   180.0       4.741    
 END
