# 181 angles,  1 tensor ranks for 0=projectile
@subtitle   "#!/bin/bash"                                                                   
@legend ON
@legend x1 0.2
@legend y1 0.8
@g0 type LOGY
@yaxis ticklabel format power
@legend string   0 "Lab energy =  106.5000"
#legend string   0 "Partition=  1 Excit=  8 near/far= 1"
#  Theta       sigma       iT11        T20         T21         T22         Kyy for projectile
   0.000       37.69    
   1.000       37.61    
   2.000       37.35    
   3.000       36.92    
   4.000       36.33    
   5.000       35.59    
   6.000       34.69    
   7.000       33.66    
   8.000       32.51    
   9.000       31.24    
   10.00       29.86    
   11.00       28.41    
   12.00       26.88    
   13.00       25.30    
   14.00       23.67    
   15.00       22.02    
   16.00       20.35    
   17.00       18.69    
   18.00       17.05    
   19.00       15.43    
   20.00       13.86    
   21.00       12.34    
   22.00       10.90    
   23.00       9.529    
   24.00       8.254    
   25.00       7.077    
   26.00       6.004    
   27.00       5.040    
   28.00       4.186    
   29.00       3.441    
   30.00       2.802    
   31.00       2.264    
   32.00       1.821    
   33.00       1.464    
   34.00       1.183    
   35.00      0.9706    
   36.00      0.8158    
   37.00      0.7093    
   38.00      0.6422    
   39.00      0.6061    
   40.00      0.5934    
   41.00      0.5977    
   42.00      0.6131    
   43.00      0.6350    
   44.00      0.6595    
   45.00      0.6837    
   46.00      0.7052    
   47.00      0.7226    
   48.00      0.7348    
   49.00      0.7413    
   50.00      0.7421    
   51.00      0.7371    
   52.00      0.7270    
   53.00      0.7122    
   54.00      0.6934    
   55.00      0.6712    
   56.00      0.6464    
   57.00      0.6197    
   58.00      0.5917    
   59.00      0.5630    
   60.00      0.5341    
   61.00      0.5056    
   62.00      0.4776    
   63.00      0.4507    
   64.00      0.4249    
   65.00      0.4005    
   66.00      0.3776    
   67.00      0.3563    
   68.00      0.3367    
   69.00      0.3186    
   70.00      0.3021    
   71.00      0.2871    
   72.00      0.2736    
   73.00      0.2613    
   74.00      0.2503    
   75.00      0.2404    
   76.00      0.2315    
   77.00      0.2233    
   78.00      0.2159    
   79.00      0.2090    
   80.00      0.2025    
   81.00      0.1963    
   82.00      0.1902    
   83.00      0.1841    
   84.00      0.1779    
   85.00      0.1715    
   86.00      0.1648    
   87.00      0.1577    
   88.00      0.1503    
   89.00      0.1425    
   90.00      0.1342    
   91.00      0.1255    
   92.00      0.1164    
   93.00      0.1070    
   94.00      0.9745E-01
   95.00      0.8777E-01
   96.00      0.7812E-01
   97.00      0.6864E-01
   98.00      0.5951E-01
   99.00      0.5089E-01
   100.0      0.4297E-01
   101.0      0.3593E-01
   102.0      0.2996E-01
   103.0      0.2523E-01
   104.0      0.2191E-01
   105.0      0.2015E-01
   106.0      0.2010E-01
   107.0      0.2184E-01
   108.0      0.2548E-01
   109.0      0.3105E-01
   110.0      0.3857E-01
   111.0      0.4801E-01
   112.0      0.5932E-01
   113.0      0.7239E-01
   114.0      0.8707E-01
   115.0      0.1032    
   116.0      0.1205    
   117.0      0.1388    
   118.0      0.1578    
   119.0      0.1771    
   120.0      0.1965    
   121.0      0.2156    
   122.0      0.2339    
   123.0      0.2512    
   124.0      0.2672    
   125.0      0.2813    
   126.0      0.2935    
   127.0      0.3032    
   128.0      0.3104    
   129.0      0.3147    
   130.0      0.3160    
   131.0      0.3142    
   132.0      0.3093    
   133.0      0.3013    
   134.0      0.2903    
   135.0      0.2764    
   136.0      0.2598    
   137.0      0.2410    
   138.0      0.2202    
   139.0      0.1978    
   140.0      0.1744    
   141.0      0.1504    
   142.0      0.1266    
   143.0      0.1034    
   144.0      0.8157E-01
   145.0      0.6168E-01
   146.0      0.4441E-01
   147.0      0.3039E-01
   148.0      0.2023E-01
   149.0      0.1451E-01
   150.0      0.1374E-01
   151.0      0.1841E-01
   152.0      0.2889E-01
   153.0      0.4550E-01
   154.0      0.6847E-01
   155.0      0.9791E-01
   156.0      0.1339    
   157.0      0.1762    
   158.0      0.2248    
   159.0      0.2793    
   160.0      0.3394    
   161.0      0.4044    
   162.0      0.4739    
   163.0      0.5470    
   164.0      0.6231    
   165.0      0.7013    
   166.0      0.7806    
   167.0      0.8602    
   168.0      0.9391    
   169.0       1.016    
   170.0       1.091    
   171.0       1.161    
   172.0       1.227    
   173.0       1.288    
   174.0       1.342    
   175.0       1.390    
   176.0       1.429    
   177.0       1.461    
   178.0       1.484    
   179.0       1.497    
   180.0       1.502    
 END
