# 181 angles,  1 tensor ranks for 0=projectile
@subtitle   "#!/bin/bash"                                                                   
@legend ON
@legend x1 0.2
@legend y1 0.8
@g0 type LOGY
@yaxis ticklabel format power
@xaxis label "Scattering angle (degrees)"
@yaxis label "Cross section (mb/sr)"
@legend string   0 "Partition=  1 Excit=  1 near/far= 1"
#legend string   0 "Lab energy =  106.5000"
@s0 linestyle   1
#  Theta       sigma       iT11        T20         T21         T22         Kyy for projectile
  0.1000E-01   1.000    
   1.000      0.9909    
   2.000      0.9577    
   3.000      0.9093    
   4.000      0.8549    
   5.000      0.8028    
   6.000      0.7604    
   7.000      0.7336    
   8.000      0.7270    
   9.000      0.7435    
   10.00      0.7847    
   11.00      0.8504    
   12.00      0.9389    
   13.00       1.047    
   14.00       1.170    
   15.00       1.301    
   16.00       1.436    
   17.00       1.565    
   18.00       1.682    
   19.00       1.781    
   20.00       1.855    
   21.00       1.902    
   22.00       1.917    
   23.00       1.900    
   24.00       1.849    
   25.00       1.764    
   26.00       1.647    
   27.00       1.504    
   28.00       1.341    
   29.00       1.167    
   30.00      0.9888    
   31.00      0.8128    
   32.00      0.6448    
   33.00      0.4910    
   34.00      0.3576    
   35.00      0.2507    
   36.00      0.1746    
   37.00      0.1313    
   38.00      0.1213    
   39.00      0.1438    
   40.00      0.1975    
   41.00      0.2796    
   42.00      0.3857    
   43.00      0.5096    
   44.00      0.6447    
   45.00      0.7858    
   46.00      0.9288    
   47.00       1.070    
   48.00       1.204    
   49.00       1.324    
   50.00       1.421    
   51.00       1.488    
   52.00       1.525    
   53.00       1.534    
   54.00       1.518    
   55.00       1.480    
   56.00       1.418    
   57.00       1.332    
   58.00       1.224    
   59.00       1.100    
   60.00      0.9675    
   61.00      0.8325    
   62.00      0.6994    
   63.00      0.5699    
   64.00      0.4461    
   65.00      0.3316    
   66.00      0.2313    
   67.00      0.1494    
   68.00      0.8770E-01
   69.00      0.4519E-01
   70.00      0.1982E-01
   71.00      0.9803E-02
   72.00      0.1395E-01
   73.00      0.3062E-01
   74.00      0.5672E-01
   75.00      0.8799E-01
   76.00      0.1205    
   77.00      0.1517    
   78.00      0.1796    
   79.00      0.2023    
   80.00      0.2180    
   81.00      0.2253    
   82.00      0.2252    
   83.00      0.2209    
   84.00      0.2171    
   85.00      0.2162    
   86.00      0.2175    
   87.00      0.2212    
   88.00      0.2325    
   89.00      0.2630    
   90.00      0.3263    
   91.00      0.4315    
   92.00      0.5772    
   93.00      0.7531    
   94.00      0.9479    
   95.00       1.161    
   96.00       1.403    
   97.00       1.688    
   98.00       2.021    
   99.00       2.387    
   100.0       2.759    
   101.0       3.107    
   102.0       3.419    
   103.0       3.698    
   104.0       3.958    
   105.0       4.203    
   106.0       4.420    
   107.0       4.585    
   108.0       4.671    
   109.0       4.670    
   110.0       4.591    
   111.0       4.458    
   112.0       4.284    
   113.0       4.073    
   114.0       3.823    
   115.0       3.538    
   116.0       3.234    
   117.0       2.940    
   118.0       2.683    
   119.0       2.482    
   120.0       2.345    
   121.0       2.278    
   122.0       2.297    
   123.0       2.427    
   124.0       2.690    
   125.0       3.095    
   126.0       3.624    
   127.0       4.246    
   128.0       4.931    
   129.0       5.669    
   130.0       6.470    
   131.0       7.351    
   132.0       8.308    
   133.0       9.305    
   134.0       10.28    
   135.0       11.15    
   136.0       11.86    
   137.0       12.39    
   138.0       12.76    
   139.0       12.97    
   140.0       13.05    
   141.0       12.95    
   142.0       12.67    
   143.0       12.17    
   144.0       11.45    
   145.0       10.55    
   146.0       9.507    
   147.0       8.382    
   148.0       7.215    
   149.0       6.039    
   150.0       4.894    
   151.0       3.830    
   152.0       2.915    
   153.0       2.224    
   154.0       1.817    
   155.0       1.730    
   156.0       1.978    
   157.0       2.573    
   158.0       3.546    
   159.0       4.943    
   160.0       6.816    
   161.0       9.200    
   162.0       12.09    
   163.0       15.44    
   164.0       19.18    
   165.0       23.22    
   166.0       27.49    
   167.0       31.94    
   168.0       36.52    
   169.0       41.20    
   170.0       45.89    
   171.0       50.53    
   172.0       55.01    
   173.0       59.21    
   174.0       63.00    
   175.0       66.27    
   176.0       68.96    
   177.0       71.03    
   178.0       72.46    
   179.0       73.31    
   180.0       73.58    
 END
@legend string   1 "Partition=  1 Excit=  2 near/far= 1"
#legend string   0 "Lab energy =  106.5000"
@s1 linestyle   2
#  Theta       sigma       iT11        T20         T21         T22         Kyy for projectile
   0.000       23.59    
   1.000       23.45    
   2.000       23.01    
   3.000       22.31    
   4.000       21.38    
   5.000       20.25    
   6.000       18.97    
   7.000       17.59    
   8.000       16.14    
   9.000       14.66    
   10.00       13.19    
   11.00       11.76    
   12.00       10.39    
   13.00       9.084    
   14.00       7.866    
   15.00       6.740    
   16.00       5.711    
   17.00       4.781    
   18.00       3.950    
   19.00       3.216    
   20.00       2.576    
   21.00       2.025    
   22.00       1.557    
   23.00       1.167    
   24.00      0.8470    
   25.00      0.5911    
   26.00      0.3919    
   27.00      0.2424    
   28.00      0.1356    
   29.00      0.6508E-01
   30.00      0.2440E-01
   31.00      0.7758E-02
   32.00      0.9772E-02
   33.00      0.2560E-01
   34.00      0.5096E-01
   35.00      0.8212E-01
   36.00      0.1159    
   37.00      0.1497    
   38.00      0.1814    
   39.00      0.2095    
   40.00      0.2327    
   41.00      0.2504    
   42.00      0.2621    
   43.00      0.2679    
   44.00      0.2679    
   45.00      0.2626    
   46.00      0.2525    
   47.00      0.2384    
   48.00      0.2210    
   49.00      0.2011    
   50.00      0.1797    
   51.00      0.1574    
   52.00      0.1350    
   53.00      0.1133    
   54.00      0.9280E-01
   55.00      0.7404E-01
   56.00      0.5742E-01
   57.00      0.4322E-01
   58.00      0.3163E-01
   59.00      0.2274E-01
   60.00      0.1654E-01
   61.00      0.1291E-01
   62.00      0.1167E-01
   63.00      0.1256E-01
   64.00      0.1527E-01
   65.00      0.1946E-01
   66.00      0.2475E-01
   67.00      0.3076E-01
   68.00      0.3710E-01
   69.00      0.4340E-01
   70.00      0.4932E-01
   71.00      0.5456E-01
   72.00      0.5888E-01
   73.00      0.6206E-01
   74.00      0.6398E-01
   75.00      0.6457E-01
   76.00      0.6380E-01
   77.00      0.6174E-01
   78.00      0.5848E-01
   79.00      0.5420E-01
   80.00      0.4908E-01
   81.00      0.4338E-01
   82.00      0.3735E-01
   83.00      0.3126E-01
   84.00      0.2540E-01
   85.00      0.2005E-01
   86.00      0.1544E-01
   87.00      0.1180E-01
   88.00      0.9309E-02
   89.00      0.8106E-02
   90.00      0.8275E-02
   91.00      0.9845E-02
   92.00      0.1279E-01
   93.00      0.1703E-01
   94.00      0.2244E-01
   95.00      0.2882E-01
   96.00      0.3596E-01
   97.00      0.4359E-01
   98.00      0.5146E-01
   99.00      0.5925E-01
   100.0      0.6670E-01
   101.0      0.7350E-01
   102.0      0.7941E-01
   103.0      0.8420E-01
   104.0      0.8767E-01
   105.0      0.8970E-01
   106.0      0.9020E-01
   107.0      0.8914E-01
   108.0      0.8657E-01
   109.0      0.8258E-01
   110.0      0.7734E-01
   111.0      0.7104E-01
   112.0      0.6396E-01
   113.0      0.5638E-01
   114.0      0.4862E-01
   115.0      0.4104E-01
   116.0      0.3396E-01
   117.0      0.2773E-01
   118.0      0.2266E-01
   119.0      0.1903E-01
   120.0      0.1707E-01
   121.0      0.1697E-01
   122.0      0.1885E-01
   123.0      0.2274E-01
   124.0      0.2863E-01
   125.0      0.3642E-01
   126.0      0.4594E-01
   127.0      0.5695E-01
   128.0      0.6913E-01
   129.0      0.8215E-01
   130.0      0.9558E-01
   131.0      0.1090    
   132.0      0.1220    
   133.0      0.1340    
   134.0      0.1448    
   135.0      0.1537    
   136.0      0.1606    
   137.0      0.1651    
   138.0      0.1669    
   139.0      0.1659    
   140.0      0.1621    
   141.0      0.1556    
   142.0      0.1464    
   143.0      0.1348    
   144.0      0.1212    
   145.0      0.1061    
   146.0      0.8989E-01
   147.0      0.7330E-01
   148.0      0.5698E-01
   149.0      0.4164E-01
   150.0      0.2802E-01
   151.0      0.1687E-01
   152.0      0.8942E-02
   153.0      0.4925E-02
   154.0      0.5470E-02
   155.0      0.1115E-01
   156.0      0.2244E-01
   157.0      0.3972E-01
   158.0      0.6323E-01
   159.0      0.9309E-01
   160.0      0.1293    
   161.0      0.1716    
   162.0      0.2197    
   163.0      0.2732    
   164.0      0.3315    
   165.0      0.3937    
   166.0      0.4591    
   167.0      0.5268    
   168.0      0.5956    
   169.0      0.6645    
   170.0      0.7323    
   171.0      0.7980    
   172.0      0.8604    
   173.0      0.9184    
   174.0      0.9710    
   175.0       1.017    
   176.0       1.056    
   177.0       1.087    
   178.0       1.110    
   179.0       1.124    
   180.0       1.128    
 END
@legend string   2 "Partition=  1 Excit=  3 near/far= 1"
#legend string   0 "Lab energy =  106.5000"
@s2 linestyle   3
#  Theta       sigma       iT11        T20         T21         T22         Kyy for projectile
   0.000       94.37    
   1.000       93.86    
   2.000       92.32    
   3.000       89.81    
   4.000       86.44    
   5.000       82.30    
   6.000       77.54    
   7.000       72.29    
   8.000       66.72    
   9.000       60.95    
   10.00       55.12    
   11.00       49.35    
   12.00       43.73    
   13.00       38.37    
   14.00       33.30    
   15.00       28.59    
   16.00       24.26    
   17.00       20.33    
   18.00       16.82    
   19.00       13.70    
   20.00       10.98    
   21.00       8.633    
   22.00       6.641    
   23.00       4.979    
   24.00       3.617    
   25.00       2.528    
   26.00       1.680    
   27.00       1.043    
   28.00      0.5892    
   29.00      0.2889    
   30.00      0.1155    
   31.00      0.4413E-01
   32.00      0.5178E-01
   33.00      0.1179    
   34.00      0.2243    
   35.00      0.3552    
   36.00      0.4972    
   37.00      0.6394    
   38.00      0.7728    
   39.00      0.8908    
   40.00      0.9886    
   41.00       1.063    
   42.00       1.113    
   43.00       1.138    
   44.00       1.138    
   45.00       1.117    
   46.00       1.075    
   47.00       1.016    
   48.00      0.9441    
   49.00      0.8614    
   50.00      0.7719    
   51.00      0.6788    
   52.00      0.5852    
   53.00      0.4941    
   54.00      0.4078    
   55.00      0.3285    
   56.00      0.2578    
   57.00      0.1969    
   58.00      0.1466    
   59.00      0.1072    
   60.00      0.7871E-01
   61.00      0.6064E-01
   62.00      0.5226E-01
   63.00      0.5256E-01
   64.00      0.6029E-01
   65.00      0.7407E-01
   66.00      0.9239E-01
   67.00      0.1137    
   68.00      0.1365    
   69.00      0.1594    
   70.00      0.1809    
   71.00      0.2000    
   72.00      0.2156    
   73.00      0.2269    
   74.00      0.2335    
   75.00      0.2350    
   76.00      0.2315    
   77.00      0.2232    
   78.00      0.2104    
   79.00      0.1938    
   80.00      0.1743    
   81.00      0.1528    
   82.00      0.1302    
   83.00      0.1077    
   84.00      0.8637E-01
   85.00      0.6720E-01
   86.00      0.5116E-01
   87.00      0.3907E-01
   88.00      0.3160E-01
   89.00      0.2924E-01
   90.00      0.3227E-01
   91.00      0.4075E-01
   92.00      0.5452E-01
   93.00      0.7321E-01
   94.00      0.9625E-01
   95.00      0.1229    
   96.00      0.1522    
   97.00      0.1831    
   98.00      0.2146    
   99.00      0.2455    
   100.0      0.2746    
   101.0      0.3009    
   102.0      0.3233    
   103.0      0.3410    
   104.0      0.3533    
   105.0      0.3597    
   106.0      0.3599    
   107.0      0.3539    
   108.0      0.3420    
   109.0      0.3245    
   110.0      0.3022    
   111.0      0.2759    
   112.0      0.2467    
   113.0      0.2158    
   114.0      0.1846    
   115.0      0.1544    
   116.0      0.1267    
   117.0      0.1026    
   118.0      0.8354E-01
   119.0      0.7053E-01
   120.0      0.6449E-01
   121.0      0.6611E-01
   122.0      0.7580E-01
   123.0      0.9370E-01
   124.0      0.1197    
   125.0      0.1533    
   126.0      0.1937    
   127.0      0.2400    
   128.0      0.2908    
   129.0      0.3448    
   130.0      0.4002    
   131.0      0.4553    
   132.0      0.5082    
   133.0      0.5571    
   134.0      0.6004    
   135.0      0.6363    
   136.0      0.6634    
   137.0      0.6805    
   138.0      0.6868    
   139.0      0.6817    
   140.0      0.6650    
   141.0      0.6371    
   142.0      0.5985    
   143.0      0.5503    
   144.0      0.4941    
   145.0      0.4316    
   146.0      0.3651    
   147.0      0.2972    
   148.0      0.2305    
   149.0      0.1680    
   150.0      0.1127    
   151.0      0.6763E-01
   152.0      0.3579E-01
   153.0      0.2000E-01
   154.0      0.2288E-01
   155.0      0.4672E-01
   156.0      0.9344E-01
   157.0      0.1645    
   158.0      0.2609    
   159.0      0.3831    
   160.0      0.5309    
   161.0      0.7036    
   162.0      0.8999    
   163.0       1.118    
   164.0       1.355    
   165.0       1.608    
   166.0       1.874    
   167.0       2.149    
   168.0       2.428    
   169.0       2.708    
   170.0       2.984    
   171.0       3.250    
   172.0       3.503    
   173.0       3.739    
   174.0       3.952    
   175.0       4.139    
   176.0       4.298    
   177.0       4.424    
   178.0       4.516    
   179.0       4.572    
   180.0       4.590    
 END
@legend string   3 "Partition=  1 Excit=  4 near/far= 1"
#legend string   0 "Lab energy =  106.5000"
@s3 linestyle   4
#  Theta       sigma       iT11        T20         T21         T22         Kyy for projectile
   0.000       138.8    
   1.000       138.2    
   2.000       136.3    
   3.000       133.3    
   4.000       129.1    
   5.000       123.9    
   6.000       117.7    
   7.000       110.8    
   8.000       103.3    
   9.000       95.37    
   10.00       87.14    
   11.00       78.81    
   12.00       70.53    
   13.00       62.44    
   14.00       54.67    
   15.00       47.31    
   16.00       40.46    
   17.00       34.16    
   18.00       28.44    
   19.00       23.34    
   20.00       18.84    
   21.00       14.93    
   22.00       11.58    
   23.00       8.773    
   24.00       6.454    
   25.00       4.583    
   26.00       3.113    
   27.00       1.997    
   28.00       1.187    
   29.00      0.6361    
   30.00      0.3010    
   31.00      0.1401    
   32.00      0.1158    
   33.00      0.1938    
   34.00      0.3438    
   35.00      0.5395    
   36.00      0.7587    
   37.00      0.9827    
   38.00       1.197    
   39.00       1.389    
   40.00       1.553    
   41.00       1.681    
   42.00       1.770    
   43.00       1.822    
   44.00       1.835    
   45.00       1.812    
   46.00       1.758    
   47.00       1.675    
   48.00       1.570    
   49.00       1.447    
   50.00       1.312    
   51.00       1.169    
   52.00       1.024    
   53.00      0.8797    
   54.00      0.7415    
   55.00      0.6121    
   56.00      0.4941    
   57.00      0.3896    
   58.00      0.2999    
   59.00      0.2257    
   60.00      0.1671    
   61.00      0.1238    
   62.00      0.9490E-01
   63.00      0.7907E-01
   64.00      0.7475E-01
   65.00      0.8011E-01
   66.00      0.9316E-01
   67.00      0.1118    
   68.00      0.1341    
   69.00      0.1580    
   70.00      0.1817    
   71.00      0.2035    
   72.00      0.2220    
   73.00      0.2363    
   74.00      0.2453    
   75.00      0.2488    
   76.00      0.2465    
   77.00      0.2386    
   78.00      0.2256    
   79.00      0.2081    
   80.00      0.1871    
   81.00      0.1636    
   82.00      0.1389    
   83.00      0.1142    
   84.00      0.9080E-01
   85.00      0.6995E-01
   86.00      0.5277E-01
   87.00      0.4023E-01
   88.00      0.3311E-01
   89.00      0.3199E-01
   90.00      0.3717E-01
   91.00      0.4871E-01
   92.00      0.6640E-01
   93.00      0.8976E-01
   94.00      0.1181    
   95.00      0.1504    
   96.00      0.1857    
   97.00      0.2226    
   98.00      0.2598    
   99.00      0.2960    
   100.0      0.3298    
   101.0      0.3599    
   102.0      0.3851    
   103.0      0.4045    
   104.0      0.4172    
   105.0      0.4229    
   106.0      0.4211    
   107.0      0.4120    
   108.0      0.3960    
   109.0      0.3735    
   110.0      0.3457    
   111.0      0.3136    
   112.0      0.2786    
   113.0      0.2423    
   114.0      0.2062    
   115.0      0.1721    
   116.0      0.1416    
   117.0      0.1164    
   118.0      0.9787E-01
   119.0      0.8737E-01
   120.0      0.8588E-01
   121.0      0.9414E-01
   122.0      0.1125    
   123.0      0.1411    
   124.0      0.1796    
   125.0      0.2271    
   126.0      0.2828    
   127.0      0.3452    
   128.0      0.4125    
   129.0      0.4829    
   130.0      0.5542    
   131.0      0.6241    
   132.0      0.6904    
   133.0      0.7506    
   134.0      0.8027    
   135.0      0.8447    
   136.0      0.8748    
   137.0      0.8917    
   138.0      0.8943    
   139.0      0.8821    
   140.0      0.8551    
   141.0      0.8137    
   142.0      0.7590    
   143.0      0.6926    
   144.0      0.6164    
   145.0      0.5330    
   146.0      0.4454    
   147.0      0.3569    
   148.0      0.2712    
   149.0      0.1920    
   150.0      0.1234    
   151.0      0.6917E-01
   152.0      0.3324E-01
   153.0      0.1920E-01
   154.0      0.3039E-01
   155.0      0.6968E-01
   156.0      0.1395    
   157.0      0.2416    
   158.0      0.3771    
   159.0      0.5466    
   160.0      0.7496    
   161.0      0.9852    
   162.0       1.251    
   163.0       1.546    
   164.0       1.864    
   165.0       2.204    
   166.0       2.560    
   167.0       2.927    
   168.0       3.299    
   169.0       3.671    
   170.0       4.037    
   171.0       4.391    
   172.0       4.726    
   173.0       5.038    
   174.0       5.320    
   175.0       5.568    
   176.0       5.777    
   177.0       5.944    
   178.0       6.065    
   179.0       6.139    
   180.0       6.164    
 END
@legend string   4 "Partition=  1 Excit=  5 near/far= 1"
#legend string   0 "Lab energy =  106.5000"
@s4 linestyle   5
#  Theta       sigma       iT11        T20         T21         T22         Kyy for projectile
   0.000       132.9    
   1.000       132.4    
   2.000       131.0    
   3.000       128.5    
   4.000       125.2    
   5.000       121.0    
   6.000       116.0    
   7.000       110.2    
   8.000       103.9    
   9.000       97.06    
   10.00       89.82    
   11.00       82.33    
   12.00       74.69    
   13.00       67.06    
   14.00       59.54    
   15.00       52.26    
   16.00       45.31    
   17.00       38.79    
   18.00       32.75    
   19.00       27.25    
   20.00       22.32    
   21.00       17.95    
   22.00       14.17    
   23.00       10.93    
   24.00       8.217    
   25.00       5.993    
   26.00       4.213    
   27.00       2.830    
   28.00       1.798    
   29.00       1.066    
   30.00      0.5887    
   31.00      0.3197    
   32.00      0.2173    
   33.00      0.2430    
   34.00      0.3622    
   35.00      0.5446    
   36.00      0.7643    
   37.00      0.9995    
   38.00       1.232    
   39.00       1.449    
   40.00       1.639    
   41.00       1.795    
   42.00       1.913    
   43.00       1.990    
   44.00       2.027    
   45.00       2.025    
   46.00       1.988    
   47.00       1.919    
   48.00       1.824    
   49.00       1.706    
   50.00       1.572    
   51.00       1.427    
   52.00       1.275    
   53.00       1.121    
   54.00      0.9701    
   55.00      0.8249    
   56.00      0.6887    
   57.00      0.5638    
   58.00      0.4519    
   59.00      0.3543    
   60.00      0.2715    
   61.00      0.2035    
   62.00      0.1499    
   63.00      0.1098    
   64.00      0.8206E-01
   65.00      0.6524E-01
   66.00      0.5772E-01
   67.00      0.5778E-01
   68.00      0.6364E-01
   69.00      0.7356E-01
   70.00      0.8590E-01
   71.00      0.9912E-01
   72.00      0.1119    
   73.00      0.1231    
   74.00      0.1318    
   75.00      0.1375    
   76.00      0.1396    
   77.00      0.1381    
   78.00      0.1331    
   79.00      0.1249    
   80.00      0.1140    
   81.00      0.1010    
   82.00      0.8670E-01
   83.00      0.7195E-01
   84.00      0.5760E-01
   85.00      0.4450E-01
   86.00      0.3343E-01
   87.00      0.2512E-01
   88.00      0.2015E-01
   89.00      0.1895E-01
   90.00      0.2180E-01
   91.00      0.2880E-01
   92.00      0.3984E-01
   93.00      0.5466E-01
   94.00      0.7282E-01
   95.00      0.9372E-01
   96.00      0.1166    
   97.00      0.1407    
   98.00      0.1652    
   99.00      0.1889    
   100.0      0.2112    
   101.0      0.2311    
   102.0      0.2477    
   103.0      0.2606    
   104.0      0.2691    
   105.0      0.2729    
   106.0      0.2718    
   107.0      0.2660    
   108.0      0.2556    
   109.0      0.2412    
   110.0      0.2232    
   111.0      0.2027    
   112.0      0.1805    
   113.0      0.1577    
   114.0      0.1354    
   115.0      0.1148    
   116.0      0.9703E-01
   117.0      0.8317E-01
   118.0      0.7420E-01
   119.0      0.7098E-01
   120.0      0.7415E-01
   121.0      0.8418E-01
   122.0      0.1013    
   123.0      0.1253    
   124.0      0.1561    
   125.0      0.1931    
   126.0      0.2353    
   127.0      0.2818    
   128.0      0.3313    
   129.0      0.3824    
   130.0      0.4334    
   131.0      0.4829    
   132.0      0.5291    
   133.0      0.5704    
   134.0      0.6054    
   135.0      0.6325    
   136.0      0.6506    
   137.0      0.6589    
   138.0      0.6567    
   139.0      0.6437    
   140.0      0.6200    
   141.0      0.5861    
   142.0      0.5428    
   143.0      0.4913    
   144.0      0.4333    
   145.0      0.3707    
   146.0      0.3058    
   147.0      0.2410    
   148.0      0.1792    
   149.0      0.1231    
   150.0      0.7558E-01
   151.0      0.3964E-01
   152.0      0.1807E-01
   153.0      0.1348E-01
   154.0      0.2829E-01
   155.0      0.6457E-01
   156.0      0.1240    
   157.0      0.2079    
   158.0      0.3170    
   159.0      0.4514    
   160.0      0.6110    
   161.0      0.7948    
   162.0       1.001    
   163.0       1.229    
   164.0       1.474    
   165.0       1.734    
   166.0       2.007    
   167.0       2.287    
   168.0       2.570    
   169.0       2.853    
   170.0       3.131    
   171.0       3.400    
   172.0       3.654    
   173.0       3.890    
   174.0       4.103    
   175.0       4.291    
   176.0       4.449    
   177.0       4.575    
   178.0       4.667    
   179.0       4.722    
   180.0       4.741    
 END
@legend string   5 "Partition=  1 Excit=  6 near/far= 1"
#legend string   0 "Lab energy =  106.5000"
@s5 linestyle   1
#  Theta       sigma       iT11        T20         T21         T22         Kyy for projectile
   0.000       102.4    
   1.000       102.1    
   2.000       101.1    
   3.000       99.53    
   4.000       97.32    
   5.000       94.54    
   6.000       91.22    
   7.000       87.40    
   8.000       83.14    
   9.000       78.48    
   10.00       73.50    
   11.00       68.27    
   12.00       62.85    
   13.00       57.33    
   14.00       51.78    
   15.00       46.28    
   16.00       40.91    
   17.00       35.74    
   18.00       30.83    
   19.00       26.23    
   20.00       22.00    
   21.00       18.17    
   22.00       14.74    
   23.00       11.74    
   24.00       9.153    
   25.00       6.970    
   26.00       5.168    
   27.00       3.718    
   28.00       2.586    
   29.00       1.737    
   30.00       1.134    
   31.00      0.7379    
   32.00      0.5134    
   33.00      0.4261    
   34.00      0.4444    
   35.00      0.5397    
   36.00      0.6869    
   37.00      0.8644    
   38.00       1.054    
   39.00       1.241    
   40.00       1.415    
   41.00       1.566    
   42.00       1.688    
   43.00       1.779    
   44.00       1.836    
   45.00       1.860    
   46.00       1.852    
   47.00       1.816    
   48.00       1.753    
   49.00       1.669    
   50.00       1.567    
   51.00       1.452    
   52.00       1.327    
   53.00       1.197    
   54.00       1.065    
   55.00      0.9350    
   56.00      0.8092    
   57.00      0.6900    
   58.00      0.5794    
   59.00      0.4786    
   60.00      0.3885    
   61.00      0.3095    
   62.00      0.2418    
   63.00      0.1851    
   64.00      0.1388    
   65.00      0.1021    
   66.00      0.7401E-01
   67.00      0.5353E-01
   68.00      0.3949E-01
   69.00      0.3072E-01
   70.00      0.2608E-01
   71.00      0.2448E-01
   72.00      0.2494E-01
   73.00      0.2658E-01
   74.00      0.2867E-01
   75.00      0.3059E-01
   76.00      0.3191E-01
   77.00      0.3233E-01
   78.00      0.3170E-01
   79.00      0.2998E-01
   80.00      0.2726E-01
   81.00      0.2374E-01
   82.00      0.1968E-01
   83.00      0.1538E-01
   84.00      0.1120E-01
   85.00      0.7481E-02
   86.00      0.4569E-02
   87.00      0.2766E-02
   88.00      0.2326E-02
   89.00      0.3438E-02
   90.00      0.6214E-02
   91.00      0.1068E-01
   92.00      0.1680E-01
   93.00      0.2442E-01
   94.00      0.3332E-01
   95.00      0.4324E-01
   96.00      0.5382E-01
   97.00      0.6469E-01
   98.00      0.7543E-01
   99.00      0.8564E-01
   100.0      0.9491E-01
   101.0      0.1029    
   102.0      0.1092    
   103.0      0.1136    
   104.0      0.1159    
   105.0      0.1161    
   106.0      0.1140    
   107.0      0.1099    
   108.0      0.1039    
   109.0      0.9629E-01
   110.0      0.8747E-01
   111.0      0.7787E-01
   112.0      0.6803E-01
   113.0      0.5848E-01
   114.0      0.4981E-01
   115.0      0.4258E-01
   116.0      0.3735E-01
   117.0      0.3462E-01
   118.0      0.3484E-01
   119.0      0.3835E-01
   120.0      0.4540E-01
   121.0      0.5611E-01
   122.0      0.7050E-01
   123.0      0.8841E-01
   124.0      0.1096    
   125.0      0.1336    
   126.0      0.1599    
   127.0      0.1879    
   128.0      0.2168    
   129.0      0.2458    
   130.0      0.2741    
   131.0      0.3007    
   132.0      0.3247    
   133.0      0.3454    
   134.0      0.3619    
   135.0      0.3735    
   136.0      0.3798    
   137.0      0.3803    
   138.0      0.3747    
   139.0      0.3631    
   140.0      0.3457    
   141.0      0.3227    
   142.0      0.2949    
   143.0      0.2630    
   144.0      0.2280    
   145.0      0.1912    
   146.0      0.1538    
   147.0      0.1174    
   148.0      0.8341E-01
   149.0      0.5358E-01
   150.0      0.2953E-01
   151.0      0.1286E-01
   152.0      0.5138E-02
   153.0      0.7800E-02
   154.0      0.2214E-01
   155.0      0.4926E-01
   156.0      0.9003E-01
   157.0      0.1451    
   158.0      0.2147    
   159.0      0.2990    
   160.0      0.3977    
   161.0      0.5101    
   162.0      0.6354    
   163.0      0.7723    
   164.0      0.9193    
   165.0       1.075    
   166.0       1.236    
   167.0       1.402    
   168.0       1.569    
   169.0       1.735    
   170.0       1.898    
   171.0       2.055    
   172.0       2.204    
   173.0       2.342    
   174.0       2.466    
   175.0       2.575    
   176.0       2.667    
   177.0       2.740    
   178.0       2.793    
   179.0       2.826    
   180.0       2.837    
 END
@legend string   6 "Partition=  1 Excit=  7 near/far= 1"
#legend string   0 "Lab energy =  106.5000"
@s6 linestyle   2
#  Theta       sigma       iT11        T20         T21         T22         Kyy for projectile
   0.000       66.52    
   1.000       66.33    
   2.000       65.79    
   3.000       64.89    
   4.000       63.65    
   5.000       62.08    
   6.000       60.20    
   7.000       58.04    
   8.000       55.62    
   9.000       52.97    
   10.00       50.12    
   11.00       47.10    
   12.00       43.96    
   13.00       40.72    
   14.00       37.43    
   15.00       34.12    
   16.00       30.82    
   17.00       27.59    
   18.00       24.44    
   19.00       21.42    
   20.00       18.56    
   21.00       15.89    
   22.00       13.42    
   23.00       11.18    
   24.00       9.174    
   25.00       7.409    
   26.00       5.883    
   27.00       4.591    
   28.00       3.520    
   29.00       2.655    
   30.00       1.976    
   31.00       1.464    
   32.00       1.096    
   33.00      0.8511    
   34.00      0.7066    
   35.00      0.6425    
   36.00      0.6399    
   37.00      0.6821    
   38.00      0.7539    
   39.00      0.8428    
   40.00      0.9382    
   41.00       1.032    
   42.00       1.117    
   43.00       1.188    
   44.00       1.244    
   45.00       1.281    
   46.00       1.299    
   47.00       1.300    
   48.00       1.283    
   49.00       1.250    
   50.00       1.204    
   51.00       1.147    
   52.00       1.081    
   53.00       1.008    
   54.00      0.9306    
   55.00      0.8511    
   56.00      0.7713    
   57.00      0.6927    
   58.00      0.6167    
   59.00      0.5444    
   60.00      0.4767    
   61.00      0.4140    
   62.00      0.3568    
   63.00      0.3053    
   64.00      0.2595    
   65.00      0.2191    
   66.00      0.1841    
   67.00      0.1539    
   68.00      0.1282    
   69.00      0.1066    
   70.00      0.8864E-01
   71.00      0.7384E-01
   72.00      0.6180E-01
   73.00      0.5210E-01
   74.00      0.4440E-01
   75.00      0.3838E-01
   76.00      0.3376E-01
   77.00      0.3033E-01
   78.00      0.2791E-01
   79.00      0.2634E-01
   80.00      0.2551E-01
   81.00      0.2535E-01
   82.00      0.2578E-01
   83.00      0.2676E-01
   84.00      0.2823E-01
   85.00      0.3017E-01
   86.00      0.3252E-01
   87.00      0.3522E-01
   88.00      0.3823E-01
   89.00      0.4145E-01
   90.00      0.4481E-01
   91.00      0.4820E-01
   92.00      0.5153E-01
   93.00      0.5467E-01
   94.00      0.5752E-01
   95.00      0.5995E-01
   96.00      0.6188E-01
   97.00      0.6322E-01
   98.00      0.6389E-01
   99.00      0.6386E-01
   100.0      0.6310E-01
   101.0      0.6164E-01
   102.0      0.5953E-01
   103.0      0.5687E-01
   104.0      0.5377E-01
   105.0      0.5040E-01
   106.0      0.4694E-01
   107.0      0.4363E-01
   108.0      0.4069E-01
   109.0      0.3839E-01
   110.0      0.3699E-01
   111.0      0.3673E-01
   112.0      0.3787E-01
   113.0      0.4063E-01
   114.0      0.4521E-01
   115.0      0.5174E-01
   116.0      0.6033E-01
   117.0      0.7102E-01
   118.0      0.8379E-01
   119.0      0.9854E-01
   120.0      0.1151    
   121.0      0.1333    
   122.0      0.1528    
   123.0      0.1733    
   124.0      0.1943    
   125.0      0.2153    
   126.0      0.2359    
   127.0      0.2556    
   128.0      0.2737    
   129.0      0.2898    
   130.0      0.3034    
   131.0      0.3140    
   132.0      0.3211    
   133.0      0.3245    
   134.0      0.3239    
   135.0      0.3192    
   136.0      0.3102    
   137.0      0.2971    
   138.0      0.2800    
   139.0      0.2594    
   140.0      0.2356    
   141.0      0.2093    
   142.0      0.1812    
   143.0      0.1521    
   144.0      0.1228    
   145.0      0.9453E-01
   146.0      0.6819E-01
   147.0      0.4493E-01
   148.0      0.2584E-01
   149.0      0.1204E-01
   150.0      0.4588E-02
   151.0      0.4499E-02
   152.0      0.1269E-01
   153.0      0.2998E-01
   154.0      0.5704E-01
   155.0      0.9438E-01
   156.0      0.1424    
   157.0      0.2011    
   158.0      0.2706    
   159.0      0.3506    
   160.0      0.4407    
   161.0      0.5401    
   162.0      0.6481    
   163.0      0.7635    
   164.0      0.8851    
   165.0       1.012    
   166.0       1.141    
   167.0       1.273    
   168.0       1.404    
   169.0       1.533    
   170.0       1.659    
   171.0       1.779    
   172.0       1.892    
   173.0       1.996    
   174.0       2.090    
   175.0       2.171    
   176.0       2.240    
   177.0       2.295    
   178.0       2.334    
   179.0       2.358    
   180.0       2.366    
 END
@legend string   7 "Partition=  1 Excit=  8 near/far= 1"
#legend string   0 "Lab energy =  106.5000"
@s7 linestyle   3
#  Theta       sigma       iT11        T20         T21         T22         Kyy for projectile
   0.000       37.69    
   1.000       37.61    
   2.000       37.35    
   3.000       36.92    
   4.000       36.33    
   5.000       35.59    
   6.000       34.69    
   7.000       33.66    
   8.000       32.51    
   9.000       31.24    
   10.00       29.86    
   11.00       28.41    
   12.00       26.88    
   13.00       25.30    
   14.00       23.67    
   15.00       22.02    
   16.00       20.35    
   17.00       18.69    
   18.00       17.05    
   19.00       15.43    
   20.00       13.86    
   21.00       12.34    
   22.00       10.90    
   23.00       9.529    
   24.00       8.254    
   25.00       7.077    
   26.00       6.004    
   27.00       5.040    
   28.00       4.186    
   29.00       3.441    
   30.00       2.802    
   31.00       2.264    
   32.00       1.821    
   33.00       1.464    
   34.00       1.183    
   35.00      0.9706    
   36.00      0.8158    
   37.00      0.7093    
   38.00      0.6422    
   39.00      0.6061    
   40.00      0.5934    
   41.00      0.5977    
   42.00      0.6131    
   43.00      0.6350    
   44.00      0.6595    
   45.00      0.6837    
   46.00      0.7052    
   47.00      0.7226    
   48.00      0.7348    
   49.00      0.7413    
   50.00      0.7421    
   51.00      0.7371    
   52.00      0.7270    
   53.00      0.7122    
   54.00      0.6934    
   55.00      0.6712    
   56.00      0.6464    
   57.00      0.6197    
   58.00      0.5917    
   59.00      0.5630    
   60.00      0.5341    
   61.00      0.5056    
   62.00      0.4776    
   63.00      0.4507    
   64.00      0.4249    
   65.00      0.4005    
   66.00      0.3776    
   67.00      0.3563    
   68.00      0.3367    
   69.00      0.3186    
   70.00      0.3021    
   71.00      0.2871    
   72.00      0.2736    
   73.00      0.2613    
   74.00      0.2503    
   75.00      0.2404    
   76.00      0.2315    
   77.00      0.2233    
   78.00      0.2159    
   79.00      0.2090    
   80.00      0.2025    
   81.00      0.1963    
   82.00      0.1902    
   83.00      0.1841    
   84.00      0.1779    
   85.00      0.1715    
   86.00      0.1648    
   87.00      0.1577    
   88.00      0.1503    
   89.00      0.1425    
   90.00      0.1342    
   91.00      0.1255    
   92.00      0.1164    
   93.00      0.1070    
   94.00      0.9745E-01
   95.00      0.8777E-01
   96.00      0.7812E-01
   97.00      0.6864E-01
   98.00      0.5951E-01
   99.00      0.5089E-01
   100.0      0.4297E-01
   101.0      0.3593E-01
   102.0      0.2996E-01
   103.0      0.2523E-01
   104.0      0.2191E-01
   105.0      0.2015E-01
   106.0      0.2010E-01
   107.0      0.2184E-01
   108.0      0.2548E-01
   109.0      0.3105E-01
   110.0      0.3857E-01
   111.0      0.4801E-01
   112.0      0.5932E-01
   113.0      0.7239E-01
   114.0      0.8707E-01
   115.0      0.1032    
   116.0      0.1205    
   117.0      0.1388    
   118.0      0.1578    
   119.0      0.1771    
   120.0      0.1965    
   121.0      0.2156    
   122.0      0.2339    
   123.0      0.2512    
   124.0      0.2672    
   125.0      0.2813    
   126.0      0.2935    
   127.0      0.3032    
   128.0      0.3104    
   129.0      0.3147    
   130.0      0.3160    
   131.0      0.3142    
   132.0      0.3093    
   133.0      0.3013    
   134.0      0.2903    
   135.0      0.2764    
   136.0      0.2598    
   137.0      0.2410    
   138.0      0.2202    
   139.0      0.1978    
   140.0      0.1744    
   141.0      0.1504    
   142.0      0.1266    
   143.0      0.1034    
   144.0      0.8157E-01
   145.0      0.6168E-01
   146.0      0.4441E-01
   147.0      0.3039E-01
   148.0      0.2023E-01
   149.0      0.1451E-01
   150.0      0.1374E-01
   151.0      0.1841E-01
   152.0      0.2889E-01
   153.0      0.4550E-01
   154.0      0.6847E-01
   155.0      0.9791E-01
   156.0      0.1339    
   157.0      0.1762    
   158.0      0.2248    
   159.0      0.2793    
   160.0      0.3394    
   161.0      0.4044    
   162.0      0.4739    
   163.0      0.5470    
   164.0      0.6231    
   165.0      0.7013    
   166.0      0.7806    
   167.0      0.8602    
   168.0      0.9391    
   169.0       1.016    
   170.0       1.091    
   171.0       1.161    
   172.0       1.227    
   173.0       1.288    
   174.0       1.342    
   175.0       1.390    
   176.0       1.429    
   177.0       1.461    
   178.0       1.484    
   179.0       1.497    
   180.0       1.502    
 END
@legend string   8 "Partition=  1 Excit=  9 near/far= 1"
#legend string   0 "Lab energy =  106.5000"
@s8 linestyle   4
#  Theta       sigma       iT11        T20         T21         T22         Kyy for projectile
   0.000       23.52    
   1.000       23.48    
   2.000       23.34    
   3.000       23.10    
   4.000       22.78    
   5.000       22.37    
   6.000       21.88    
   7.000       21.31    
   8.000       20.68    
   9.000       19.97    
   10.00       19.21    
   11.00       18.40    
   12.00       17.54    
   13.00       16.65    
   14.00       15.73    
   15.00       14.78    
   16.00       13.83    
   17.00       12.86    
   18.00       11.90    
   19.00       10.94    
   20.00       9.996    
   21.00       9.071    
   22.00       8.170    
   23.00       7.301    
   24.00       6.469    
   25.00       5.679    
   26.00       4.936    
   27.00       4.245    
   28.00       3.608    
   29.00       3.030    
   30.00       2.511    
   31.00       2.051    
   32.00       1.652    
   33.00       1.311    
   34.00       1.026    
   35.00      0.7939    
   36.00      0.6102    
   37.00      0.4706    
   38.00      0.3701    
   39.00      0.3036    
   40.00      0.2659    
   41.00      0.2520    
   42.00      0.2571    
   43.00      0.2768    
   44.00      0.3071    
   45.00      0.3442    
   46.00      0.3852    
   47.00      0.4274    
   48.00      0.4687    
   49.00      0.5072    
   50.00      0.5417    
   51.00      0.5712    
   52.00      0.5951    
   53.00      0.6130    
   54.00      0.6249    
   55.00      0.6308    
   56.00      0.6311    
   57.00      0.6260    
   58.00      0.6162    
   59.00      0.6022    
   60.00      0.5846    
   61.00      0.5641    
   62.00      0.5411    
   63.00      0.5165    
   64.00      0.4906    
   65.00      0.4642    
   66.00      0.4376    
   67.00      0.4113    
   68.00      0.3856    
   69.00      0.3609    
   70.00      0.3374    
   71.00      0.3152    
   72.00      0.2946    
   73.00      0.2756    
   74.00      0.2581    
   75.00      0.2422    
   76.00      0.2278    
   77.00      0.2147    
   78.00      0.2028    
   79.00      0.1920    
   80.00      0.1821    
   81.00      0.1730    
   82.00      0.1644    
   83.00      0.1562    
   84.00      0.1482    
   85.00      0.1404    
   86.00      0.1325    
   87.00      0.1246    
   88.00      0.1165    
   89.00      0.1083    
   90.00      0.9996E-01
   91.00      0.9148E-01
   92.00      0.8295E-01
   93.00      0.7447E-01
   94.00      0.6613E-01
   95.00      0.5808E-01
   96.00      0.5046E-01
   97.00      0.4343E-01
   98.00      0.3713E-01
   99.00      0.3173E-01
   100.0      0.2739E-01
   101.0      0.2424E-01
   102.0      0.2242E-01
   103.0      0.2201E-01
   104.0      0.2312E-01
   105.0      0.2579E-01
   106.0      0.3005E-01
   107.0      0.3589E-01
   108.0      0.4328E-01
   109.0      0.5215E-01
   110.0      0.6239E-01
   111.0      0.7387E-01
   112.0      0.8644E-01
   113.0      0.9991E-01
   114.0      0.1141    
   115.0      0.1287    
   116.0      0.1435    
   117.0      0.1584    
   118.0      0.1729    
   119.0      0.1869    
   120.0      0.2002    
   121.0      0.2124    
   122.0      0.2234    
   123.0      0.2330    
   124.0      0.2409    
   125.0      0.2471    
   126.0      0.2513    
   127.0      0.2536    
   128.0      0.2539    
   129.0      0.2521    
   130.0      0.2482    
   131.0      0.2424    
   132.0      0.2346    
   133.0      0.2250    
   134.0      0.2138    
   135.0      0.2011    
   136.0      0.1872    
   137.0      0.1722    
   138.0      0.1564    
   139.0      0.1402    
   140.0      0.1236    
   141.0      0.1071    
   142.0      0.9093E-01
   143.0      0.7533E-01
   144.0      0.6060E-01
   145.0      0.4701E-01
   146.0      0.3479E-01
   147.0      0.2418E-01
   148.0      0.1539E-01
   149.0      0.8593E-02
   150.0      0.3943E-02
   151.0      0.1564E-02
   152.0      0.1544E-02
   153.0      0.3939E-02
   154.0      0.8769E-02
   155.0      0.1602E-01
   156.0      0.2564E-01
   157.0      0.3755E-01
   158.0      0.5163E-01
   159.0      0.6774E-01
   160.0      0.8569E-01
   161.0      0.1053    
   162.0      0.1263    
   163.0      0.1484    
   164.0      0.1715    
   165.0      0.1951    
   166.0      0.2191    
   167.0      0.2431    
   168.0      0.2668    
   169.0      0.2899    
   170.0      0.3122    
   171.0      0.3333    
   172.0      0.3529    
   173.0      0.3709    
   174.0      0.3870    
   175.0      0.4010    
   176.0      0.4127    
   177.0      0.4220    
   178.0      0.4287    
   179.0      0.4327    
   180.0      0.4341    
 END
@legend string   9 "Partition=  1 Excit= 10 near/far= 1"
#legend string   0 "Lab energy =  106.5000"
@s9 linestyle   5
#  Theta       sigma       iT11        T20         T21         T22         Kyy for projectile
   0.000       15.45    
   1.000       15.42    
   2.000       15.33    
   3.000       15.18    
   4.000       14.97    
   5.000       14.71    
   6.000       14.40    
   7.000       14.03    
   8.000       13.62    
   9.000       13.17    
   10.00       12.68    
   11.00       12.16    
   12.00       11.61    
   13.00       11.04    
   14.00       10.45    
   15.00       9.846    
   16.00       9.236    
   17.00       8.622    
   18.00       8.011    
   19.00       7.404    
   20.00       6.808    
   21.00       6.225    
   22.00       5.659    
   23.00       5.113    
   24.00       4.591    
   25.00       4.095    
   26.00       3.628    
   27.00       3.192    
   28.00       2.788    
   29.00       2.420    
   30.00       2.086    
   31.00       1.790    
   32.00       1.530    
   33.00       1.306    
   34.00       1.118    
   35.00      0.9641    
   36.00      0.8430    
   37.00      0.7522    
   38.00      0.6893    
   39.00      0.6512    
   40.00      0.6348    
   41.00      0.6368    
   42.00      0.6538    
   43.00      0.6825    
   44.00      0.7198    
   45.00      0.7624    
   46.00      0.8077    
   47.00      0.8531    
   48.00      0.8965    
   49.00      0.9359    
   50.00      0.9698    
   51.00      0.9971    
   52.00       1.017    
   53.00       1.028    
   54.00       1.032    
   55.00       1.026    
   56.00       1.013    
   57.00      0.9917    
   58.00      0.9631    
   59.00      0.9279    
   60.00      0.8868    
   61.00      0.8407    
   62.00      0.7905    
   63.00      0.7371    
   64.00      0.6814    
   65.00      0.6242    
   66.00      0.5666    
   67.00      0.5092    
   68.00      0.4528    
   69.00      0.3981    
   70.00      0.3456    
   71.00      0.2960    
   72.00      0.2496    
   73.00      0.2068    
   74.00      0.1679    
   75.00      0.1331    
   76.00      0.1024    
   77.00      0.7604E-01
   78.00      0.5389E-01
   79.00      0.3590E-01
   80.00      0.2197E-01
   81.00      0.1192E-01
   82.00      0.5537E-02
   83.00      0.2588E-02
   84.00      0.2805E-02
   85.00      0.5898E-02
   86.00      0.1157E-01
   87.00      0.1950E-01
   88.00      0.2939E-01
   89.00      0.4092E-01
   90.00      0.5378E-01
   91.00      0.6768E-01
   92.00      0.8233E-01
   93.00      0.9745E-01
   94.00      0.1128    
   95.00      0.1281    
   96.00      0.1432    
   97.00      0.1578    
   98.00      0.1718    
   99.00      0.1851    
   100.0      0.1974    
   101.0      0.2087    
   102.0      0.2188    
   103.0      0.2278    
   104.0      0.2354    
   105.0      0.2418    
   106.0      0.2468    
   107.0      0.2504    
   108.0      0.2527    
   109.0      0.2536    
   110.0      0.2533    
   111.0      0.2517    
   112.0      0.2488    
   113.0      0.2449    
   114.0      0.2398    
   115.0      0.2338    
   116.0      0.2268    
   117.0      0.2190    
   118.0      0.2105    
   119.0      0.2014    
   120.0      0.1918    
   121.0      0.1818    
   122.0      0.1715    
   123.0      0.1610    
   124.0      0.1504    
   125.0      0.1399    
   126.0      0.1295    
   127.0      0.1193    
   128.0      0.1095    
   129.0      0.1001    
   130.0      0.9117E-01
   131.0      0.8288E-01
   132.0      0.7526E-01
   133.0      0.6837E-01
   134.0      0.6228E-01
   135.0      0.5703E-01
   136.0      0.5267E-01
   137.0      0.4923E-01
   138.0      0.4673E-01
   139.0      0.4520E-01
   140.0      0.4463E-01
   141.0      0.4503E-01
   142.0      0.4638E-01
   143.0      0.4868E-01
   144.0      0.5190E-01
   145.0      0.5601E-01
   146.0      0.6097E-01
   147.0      0.6674E-01
   148.0      0.7327E-01
   149.0      0.8052E-01
   150.0      0.8841E-01
   151.0      0.9691E-01
   152.0      0.1059    
   153.0      0.1154    
   154.0      0.1253    
   155.0      0.1355    
   156.0      0.1460    
   157.0      0.1567    
   158.0      0.1675    
   159.0      0.1784    
   160.0      0.1893    
   161.0      0.2001    
   162.0      0.2107    
   163.0      0.2212    
   164.0      0.2314    
   165.0      0.2413    
   166.0      0.2508    
   167.0      0.2599    
   168.0      0.2686    
   169.0      0.2767    
   170.0      0.2842    
   171.0      0.2912    
   172.0      0.2975    
   173.0      0.3032    
   174.0      0.3081    
   175.0      0.3124    
   176.0      0.3159    
   177.0      0.3186    
   178.0      0.3206    
   179.0      0.3218    
   180.0      0.3222    
 END
@legend string  10 "Partition=  1 Excit= 11 near/far= 1"
#legend string   0 "Lab energy =  106.5000"
@s10 linestyle   1
#  Theta       sigma       iT11        T20         T21         T22         Kyy for projectile
   0.000       6.370    
   1.000       6.360    
   2.000       6.329    
   3.000       6.279    
   4.000       6.209    
   5.000       6.120    
   6.000       6.013    
   7.000       5.890    
   8.000       5.751    
   9.000       5.598    
   10.00       5.432    
   11.00       5.255    
   12.00       5.068    
   13.00       4.874    
   14.00       4.674    
   15.00       4.469    
   16.00       4.261    
   17.00       4.051    
   18.00       3.842    
   19.00       3.634    
   20.00       3.429    
   21.00       3.228    
   22.00       3.031    
   23.00       2.841    
   24.00       2.658    
   25.00       2.482    
   26.00       2.315    
   27.00       2.157    
   28.00       2.008    
   29.00       1.869    
   30.00       1.740    
   31.00       1.622    
   32.00       1.514    
   33.00       1.417    
   34.00       1.330    
   35.00       1.253    
   36.00       1.187    
   37.00       1.130    
   38.00       1.081    
   39.00       1.042    
   40.00       1.010    
   41.00      0.9843    
   42.00      0.9651    
   43.00      0.9511    
   44.00      0.9413    
   45.00      0.9348    
   46.00      0.9307    
   47.00      0.9281    
   48.00      0.9261    
   49.00      0.9240    
   50.00      0.9209    
   51.00      0.9165    
   52.00      0.9100    
   53.00      0.9011    
   54.00      0.8896    
   55.00      0.8751    
   56.00      0.8575    
   57.00      0.8370    
   58.00      0.8135    
   59.00      0.7871    
   60.00      0.7582    
   61.00      0.7270    
   62.00      0.6937    
   63.00      0.6589    
   64.00      0.6228    
   65.00      0.5859    
   66.00      0.5486    
   67.00      0.5113    
   68.00      0.4744    
   69.00      0.4383    
   70.00      0.4035    
   71.00      0.3701    
   72.00      0.3386    
   73.00      0.3093    
   74.00      0.2823    
   75.00      0.2580    
   76.00      0.2364    
   77.00      0.2177    
   78.00      0.2019    
   79.00      0.1892    
   80.00      0.1796    
   81.00      0.1729    
   82.00      0.1692    
   83.00      0.1683    
   84.00      0.1701    
   85.00      0.1743    
   86.00      0.1810    
   87.00      0.1897    
   88.00      0.2003    
   89.00      0.2125    
   90.00      0.2260    
   91.00      0.2406    
   92.00      0.2561    
   93.00      0.2720    
   94.00      0.2881    
   95.00      0.3042    
   96.00      0.3200    
   97.00      0.3352    
   98.00      0.3495    
   99.00      0.3628    
   100.0      0.3748    
   101.0      0.3853    
   102.0      0.3942    
   103.0      0.4012    
   104.0      0.4064    
   105.0      0.4095    
   106.0      0.4105    
   107.0      0.4095    
   108.0      0.4062    
   109.0      0.4009    
   110.0      0.3934    
   111.0      0.3840    
   112.0      0.3726    
   113.0      0.3594    
   114.0      0.3446    
   115.0      0.3282    
   116.0      0.3105    
   117.0      0.2917    
   118.0      0.2720    
   119.0      0.2515    
   120.0      0.2306    
   121.0      0.2094    
   122.0      0.1882    
   123.0      0.1673    
   124.0      0.1468    
   125.0      0.1270    
   126.0      0.1080    
   127.0      0.9024E-01
   128.0      0.7376E-01
   129.0      0.5878E-01
   130.0      0.4547E-01
   131.0      0.3398E-01
   132.0      0.2446E-01
   133.0      0.1701E-01
   134.0      0.1173E-01
   135.0      0.8701E-02
   136.0      0.7979E-02
   137.0      0.9601E-02
   138.0      0.1358E-01
   139.0      0.1992E-01
   140.0      0.2859E-01
   141.0      0.3955E-01
   142.0      0.5275E-01
   143.0      0.6810E-01
   144.0      0.8552E-01
   145.0      0.1049    
   146.0      0.1261    
   147.0      0.1491    
   148.0      0.1736    
   149.0      0.1996    
   150.0      0.2268    
   151.0      0.2552    
   152.0      0.2845    
   153.0      0.3146    
   154.0      0.3454    
   155.0      0.3766    
   156.0      0.4080    
   157.0      0.4397    
   158.0      0.4712    
   159.0      0.5026    
   160.0      0.5336    
   161.0      0.5642    
   162.0      0.5940    
   163.0      0.6231    
   164.0      0.6513    
   165.0      0.6784    
   166.0      0.7043    
   167.0      0.7289    
   168.0      0.7521    
   169.0      0.7739    
   170.0      0.7940    
   171.0      0.8125    
   172.0      0.8292    
   173.0      0.8441    
   174.0      0.8571    
   175.0      0.8682    
   176.0      0.8773    
   177.0      0.8845    
   178.0      0.8896    
   179.0      0.8927    
   180.0      0.8937    
 END
@legend string  11 "Partition=  1 Excit= 12 near/far= 1"
#legend string   0 "Lab energy =  106.5000"
@s11 linestyle   2
#  Theta       sigma       iT11        T20         T21         T22         Kyy for projectile
   0.000       2.497    
   1.000       2.495    
   2.000       2.489    
   3.000       2.480    
   4.000       2.466    
   5.000       2.448    
   6.000       2.427    
   7.000       2.402    
   8.000       2.374    
   9.000       2.342    
   10.00       2.306    
   11.00       2.268    
   12.00       2.226    
   13.00       2.182    
   14.00       2.134    
   15.00       2.085    
   16.00       2.032    
   17.00       1.978    
   18.00       1.922    
   19.00       1.863    
   20.00       1.804    
   21.00       1.743    
   22.00       1.681    
   23.00       1.618    
   24.00       1.555    
   25.00       1.491    
   26.00       1.427    
   27.00       1.363    
   28.00       1.300    
   29.00       1.237    
   30.00       1.175    
   31.00       1.114    
   32.00       1.054    
   33.00      0.9951    
   34.00      0.9381    
   35.00      0.8828    
   36.00      0.8293    
   37.00      0.7778    
   38.00      0.7283    
   39.00      0.6811    
   40.00      0.6361    
   41.00      0.5933    
   42.00      0.5530    
   43.00      0.5150    
   44.00      0.4794    
   45.00      0.4462    
   46.00      0.4154    
   47.00      0.3869    
   48.00      0.3607    
   49.00      0.3367    
   50.00      0.3149    
   51.00      0.2952    
   52.00      0.2776    
   53.00      0.2618    
   54.00      0.2479    
   55.00      0.2358    
   56.00      0.2253    
   57.00      0.2163    
   58.00      0.2088    
   59.00      0.2026    
   60.00      0.1976    
   61.00      0.1938    
   62.00      0.1911    
   63.00      0.1893    
   64.00      0.1884    
   65.00      0.1882    
   66.00      0.1888    
   67.00      0.1901    
   68.00      0.1918    
   69.00      0.1941    
   70.00      0.1969    
   71.00      0.2000    
   72.00      0.2034    
   73.00      0.2071    
   74.00      0.2110    
   75.00      0.2150    
   76.00      0.2192    
   77.00      0.2234    
   78.00      0.2277    
   79.00      0.2320    
   80.00      0.2362    
   81.00      0.2403    
   82.00      0.2443    
   83.00      0.2481    
   84.00      0.2517    
   85.00      0.2550    
   86.00      0.2581    
   87.00      0.2608    
   88.00      0.2631    
   89.00      0.2650    
   90.00      0.2665    
   91.00      0.2675    
   92.00      0.2681    
   93.00      0.2680    
   94.00      0.2675    
   95.00      0.2663    
   96.00      0.2645    
   97.00      0.2622    
   98.00      0.2592    
   99.00      0.2555    
   100.0      0.2512    
   101.0      0.2463    
   102.0      0.2408    
   103.0      0.2347    
   104.0      0.2279    
   105.0      0.2206    
   106.0      0.2128    
   107.0      0.2044    
   108.0      0.1956    
   109.0      0.1864    
   110.0      0.1768    
   111.0      0.1670    
   112.0      0.1568    
   113.0      0.1465    
   114.0      0.1360    
   115.0      0.1255    
   116.0      0.1150    
   117.0      0.1046    
   118.0      0.9433E-01
   119.0      0.8430E-01
   120.0      0.7457E-01
   121.0      0.6521E-01
   122.0      0.5630E-01
   123.0      0.4789E-01
   124.0      0.4006E-01
   125.0      0.3287E-01
   126.0      0.2638E-01
   127.0      0.2065E-01
   128.0      0.1572E-01
   129.0      0.1165E-01
   130.0      0.8478E-02
   131.0      0.6247E-02
   132.0      0.4990E-02
   133.0      0.4736E-02
   134.0      0.5510E-02
   135.0      0.7331E-02
   136.0      0.1021E-01
   137.0      0.1416E-01
   138.0      0.1919E-01
   139.0      0.2528E-01
   140.0      0.3244E-01
   141.0      0.4065E-01
   142.0      0.4989E-01
   143.0      0.6015E-01
   144.0      0.7138E-01
   145.0      0.8357E-01
   146.0      0.9666E-01
   147.0      0.1106    
   148.0      0.1254    
   149.0      0.1410    
   150.0      0.1572    
   151.0      0.1741    
   152.0      0.1916    
   153.0      0.2096    
   154.0      0.2281    
   155.0      0.2469    
   156.0      0.2660    
   157.0      0.2852    
   158.0      0.3046    
   159.0      0.3240    
   160.0      0.3434    
   161.0      0.3625    
   162.0      0.3815    
   163.0      0.4000    
   164.0      0.4181    
   165.0      0.4357    
   166.0      0.4527    
   167.0      0.4689    
   168.0      0.4843    
   169.0      0.4988    
   170.0      0.5124    
   171.0      0.5249    
   172.0      0.5363    
   173.0      0.5465    
   174.0      0.5555    
   175.0      0.5632    
   176.0      0.5695    
   177.0      0.5745    
   178.0      0.5781    
   179.0      0.5802    
   180.0      0.5809    
 END
@legend string  12 "Partition=  1 Excit= 13 near/far= 1"
#legend string   0 "Lab energy =  106.5000"
@s12 linestyle   3
#  Theta       sigma       iT11        T20         T21         T22         Kyy for projectile
   0.000      0.7554E-01
   1.000      0.7549E-01
   2.000      0.7532E-01
   3.000      0.7504E-01
   4.000      0.7465E-01
   5.000      0.7415E-01
   6.000      0.7354E-01
   7.000      0.7284E-01
   8.000      0.7203E-01
   9.000      0.7113E-01
   10.00      0.7014E-01
   11.00      0.6907E-01
   12.00      0.6791E-01
   13.00      0.6668E-01
   14.00      0.6539E-01
   15.00      0.6403E-01
   16.00      0.6262E-01
   17.00      0.6117E-01
   18.00      0.5968E-01
   19.00      0.5815E-01
   20.00      0.5660E-01
   21.00      0.5504E-01
   22.00      0.5346E-01
   23.00      0.5189E-01
   24.00      0.5032E-01
   25.00      0.4877E-01
   26.00      0.4724E-01
   27.00      0.4574E-01
   28.00      0.4427E-01
   29.00      0.4285E-01
   30.00      0.4147E-01
   31.00      0.4015E-01
   32.00      0.3888E-01
   33.00      0.3768E-01
   34.00      0.3654E-01
   35.00      0.3547E-01
   36.00      0.3448E-01
   37.00      0.3356E-01
   38.00      0.3272E-01
   39.00      0.3195E-01
   40.00      0.3126E-01
   41.00      0.3065E-01
   42.00      0.3012E-01
   43.00      0.2966E-01
   44.00      0.2927E-01
   45.00      0.2895E-01
   46.00      0.2869E-01
   47.00      0.2850E-01
   48.00      0.2837E-01
   49.00      0.2829E-01
   50.00      0.2825E-01
   51.00      0.2827E-01
   52.00      0.2831E-01
   53.00      0.2840E-01
   54.00      0.2850E-01
   55.00      0.2863E-01
   56.00      0.2877E-01
   57.00      0.2892E-01
   58.00      0.2908E-01
   59.00      0.2923E-01
   60.00      0.2937E-01
   61.00      0.2951E-01
   62.00      0.2962E-01
   63.00      0.2971E-01
   64.00      0.2978E-01
   65.00      0.2981E-01
   66.00      0.2981E-01
   67.00      0.2978E-01
   68.00      0.2970E-01
   69.00      0.2959E-01
   70.00      0.2943E-01
   71.00      0.2923E-01
   72.00      0.2898E-01
   73.00      0.2869E-01
   74.00      0.2835E-01
   75.00      0.2797E-01
   76.00      0.2754E-01
   77.00      0.2707E-01
   78.00      0.2656E-01
   79.00      0.2601E-01
   80.00      0.2543E-01
   81.00      0.2480E-01
   82.00      0.2414E-01
   83.00      0.2346E-01
   84.00      0.2274E-01
   85.00      0.2200E-01
   86.00      0.2124E-01
   87.00      0.2046E-01
   88.00      0.1967E-01
   89.00      0.1886E-01
   90.00      0.1804E-01
   91.00      0.1722E-01
   92.00      0.1639E-01
   93.00      0.1557E-01
   94.00      0.1474E-01
   95.00      0.1393E-01
   96.00      0.1312E-01
   97.00      0.1232E-01
   98.00      0.1153E-01
   99.00      0.1076E-01
   100.0      0.1001E-01
   101.0      0.9276E-02
   102.0      0.8565E-02
   103.0      0.7876E-02
   104.0      0.7212E-02
   105.0      0.6574E-02
   106.0      0.5964E-02
   107.0      0.5381E-02
   108.0      0.4828E-02
   109.0      0.4304E-02
   110.0      0.3811E-02
   111.0      0.3349E-02
   112.0      0.2919E-02
   113.0      0.2519E-02
   114.0      0.2152E-02
   115.0      0.1816E-02
   116.0      0.1511E-02
   117.0      0.1238E-02
   118.0      0.9956E-03
   119.0      0.7838E-03
   120.0      0.6021E-03
   121.0      0.4499E-03
   122.0      0.3266E-03
   123.0      0.2315E-03
   124.0      0.1639E-03
   125.0      0.1230E-03
   126.0      0.1080E-03
   127.0      0.1180E-03
   128.0      0.1521E-03
   129.0      0.2095E-03
   130.0      0.2890E-03
   131.0      0.3899E-03
   132.0      0.5112E-03
   133.0      0.6517E-03
   134.0      0.8107E-03
   135.0      0.9870E-03
   136.0      0.1180E-02
   137.0      0.1388E-02
   138.0      0.1610E-02
   139.0      0.1846E-02
   140.0      0.2094E-02
   141.0      0.2354E-02
   142.0      0.2625E-02
   143.0      0.2904E-02
   144.0      0.3193E-02
   145.0      0.3489E-02
   146.0      0.3792E-02
   147.0      0.4100E-02
   148.0      0.4414E-02
   149.0      0.4731E-02
   150.0      0.5051E-02
   151.0      0.5373E-02
   152.0      0.5696E-02
   153.0      0.6019E-02
   154.0      0.6342E-02
   155.0      0.6662E-02
   156.0      0.6980E-02
   157.0      0.7294E-02
   158.0      0.7604E-02
   159.0      0.7908E-02
   160.0      0.8205E-02
   161.0      0.8495E-02
   162.0      0.8777E-02
   163.0      0.9049E-02
   164.0      0.9312E-02
   165.0      0.9563E-02
   166.0      0.9803E-02
   167.0      0.1003E-01
   168.0      0.1024E-01
   169.0      0.1044E-01
   170.0      0.1063E-01
   171.0      0.1080E-01
   172.0      0.1095E-01
   173.0      0.1109E-01
   174.0      0.1120E-01
   175.0      0.1131E-01
   176.0      0.1139E-01
   177.0      0.1146E-01
   178.0      0.1150E-01
   179.0      0.1153E-01
   180.0      0.1154E-01
 END
