 Integrated cross sections for all states
  1  1  2  1.0650E+02  1.2100
   1  14
  0.5  1  0.0000  0.0  1  0.0000  1.0515E+03  1.4898E+03  4.3831E+02
  0.5  1  1.2649  0.0  1  0.0000  4.9279E+00
  0.5  1  1.4314  0.0  1  0.0000  2.0494E+01
  0.5  1  1.7418  0.0  1  0.0000  3.2016E+01
  0.5  1  2.1984  0.0  1  0.0000  3.3246E+01
  0.5  1  2.8014  0.0  1  0.0000  2.8591E+01
  0.5  1  3.5509  0.0  1  0.0000  2.2135E+01
  0.5  1  4.4469  0.0  1  0.0000  1.6291E+01
  0.5  1  5.4892  0.0  1  0.0000  1.1699E+01
  0.5  1  6.6781  0.0  1  0.0000  9.8502E+00
  0.5  1  8.0134  0.0  1  0.0000  8.0186E+00
  0.5  1  9.4952  0.0  1  0.0000  4.3272E+00
  0.5  1 11.1235  0.0  1  0.0000  2.3486E-01
  0.5  1 12.8982  0.0  1  0.0000  0.0000E+00
   2   1
  0.0  1  0.0000  0.0  1  0.0000  0.0000E+00
