# 181 angles,  1 tensor ranks for 0=projectile
@subtitle   "#!/bin/bash"                                                                   
@legend ON
@legend x1 0.2
@legend y1 0.8
@g0 type LOGY
@yaxis ticklabel format power
@legend string   0 "Lab energy =  106.5000"
#legend string   0 "Partition=  1 Excit=  2 near/far= 1"
#  Theta       sigma       iT11        T20         T21         T22         Kyy for projectile
   0.000       23.59    
   1.000       23.45    
   2.000       23.01    
   3.000       22.31    
   4.000       21.38    
   5.000       20.25    
   6.000       18.97    
   7.000       17.59    
   8.000       16.14    
   9.000       14.66    
   10.00       13.19    
   11.00       11.76    
   12.00       10.39    
   13.00       9.084    
   14.00       7.866    
   15.00       6.740    
   16.00       5.711    
   17.00       4.781    
   18.00       3.950    
   19.00       3.216    
   20.00       2.576    
   21.00       2.025    
   22.00       1.557    
   23.00       1.167    
   24.00      0.8470    
   25.00      0.5911    
   26.00      0.3919    
   27.00      0.2424    
   28.00      0.1356    
   29.00      0.6508E-01
   30.00      0.2440E-01
   31.00      0.7758E-02
   32.00      0.9772E-02
   33.00      0.2560E-01
   34.00      0.5096E-01
   35.00      0.8212E-01
   36.00      0.1159    
   37.00      0.1497    
   38.00      0.1814    
   39.00      0.2095    
   40.00      0.2327    
   41.00      0.2504    
   42.00      0.2621    
   43.00      0.2679    
   44.00      0.2679    
   45.00      0.2626    
   46.00      0.2525    
   47.00      0.2384    
   48.00      0.2210    
   49.00      0.2011    
   50.00      0.1797    
   51.00      0.1574    
   52.00      0.1350    
   53.00      0.1133    
   54.00      0.9280E-01
   55.00      0.7404E-01
   56.00      0.5742E-01
   57.00      0.4322E-01
   58.00      0.3163E-01
   59.00      0.2274E-01
   60.00      0.1654E-01
   61.00      0.1291E-01
   62.00      0.1167E-01
   63.00      0.1256E-01
   64.00      0.1527E-01
   65.00      0.1946E-01
   66.00      0.2475E-01
   67.00      0.3076E-01
   68.00      0.3710E-01
   69.00      0.4340E-01
   70.00      0.4932E-01
   71.00      0.5456E-01
   72.00      0.5888E-01
   73.00      0.6206E-01
   74.00      0.6398E-01
   75.00      0.6457E-01
   76.00      0.6380E-01
   77.00      0.6174E-01
   78.00      0.5848E-01
   79.00      0.5420E-01
   80.00      0.4908E-01
   81.00      0.4338E-01
   82.00      0.3735E-01
   83.00      0.3126E-01
   84.00      0.2540E-01
   85.00      0.2005E-01
   86.00      0.1544E-01
   87.00      0.1180E-01
   88.00      0.9309E-02
   89.00      0.8106E-02
   90.00      0.8275E-02
   91.00      0.9845E-02
   92.00      0.1279E-01
   93.00      0.1703E-01
   94.00      0.2244E-01
   95.00      0.2882E-01
   96.00      0.3596E-01
   97.00      0.4359E-01
   98.00      0.5146E-01
   99.00      0.5925E-01
   100.0      0.6670E-01
   101.0      0.7350E-01
   102.0      0.7941E-01
   103.0      0.8420E-01
   104.0      0.8767E-01
   105.0      0.8970E-01
   106.0      0.9020E-01
   107.0      0.8914E-01
   108.0      0.8657E-01
   109.0      0.8258E-01
   110.0      0.7734E-01
   111.0      0.7104E-01
   112.0      0.6396E-01
   113.0      0.5638E-01
   114.0      0.4862E-01
   115.0      0.4104E-01
   116.0      0.3396E-01
   117.0      0.2773E-01
   118.0      0.2266E-01
   119.0      0.1903E-01
   120.0      0.1707E-01
   121.0      0.1697E-01
   122.0      0.1885E-01
   123.0      0.2274E-01
   124.0      0.2863E-01
   125.0      0.3642E-01
   126.0      0.4594E-01
   127.0      0.5695E-01
   128.0      0.6913E-01
   129.0      0.8215E-01
   130.0      0.9558E-01
   131.0      0.1090    
   132.0      0.1220    
   133.0      0.1340    
   134.0      0.1448    
   135.0      0.1537    
   136.0      0.1606    
   137.0      0.1651    
   138.0      0.1669    
   139.0      0.1659    
   140.0      0.1621    
   141.0      0.1556    
   142.0      0.1464    
   143.0      0.1348    
   144.0      0.1212    
   145.0      0.1061    
   146.0      0.8989E-01
   147.0      0.7330E-01
   148.0      0.5698E-01
   149.0      0.4164E-01
   150.0      0.2802E-01
   151.0      0.1687E-01
   152.0      0.8942E-02
   153.0      0.4925E-02
   154.0      0.5470E-02
   155.0      0.1115E-01
   156.0      0.2244E-01
   157.0      0.3972E-01
   158.0      0.6323E-01
   159.0      0.9309E-01
   160.0      0.1293    
   161.0      0.1716    
   162.0      0.2197    
   163.0      0.2732    
   164.0      0.3315    
   165.0      0.3937    
   166.0      0.4591    
   167.0      0.5268    
   168.0      0.5956    
   169.0      0.6645    
   170.0      0.7323    
   171.0      0.7980    
   172.0      0.8604    
   173.0      0.9184    
   174.0      0.9710    
   175.0       1.017    
   176.0       1.056    
   177.0       1.087    
   178.0       1.110    
   179.0       1.124    
   180.0       1.128    
 END
