# Fusion cross sections for ELAB= 656.000, ECM= 631.567
     0.5  0.1349      0.1349      0.7440E-05
     1.5  0.5397      0.5397      0.1511E-04
     2.5  0.8095      0.8095      0.2271E-04
     3.5   1.079       1.079      0.3034E-04
     4.5   1.349       1.349      0.3802E-04
     5.5   1.619       1.619      0.4574E-04
     6.5   1.889       1.889      0.5354E-04
     7.5   2.159       2.159      0.6141E-04
     8.5   2.429       2.429      0.6937E-04
     9.5   2.698       2.698      0.7743E-04
    10.5   2.968       2.968      0.8559E-04
    11.5   3.238       3.238      0.9388E-04
    12.5   3.508       3.508      0.1023E-03
    13.5   3.778       3.778      0.1108E-03
    14.5   4.047       4.048      0.1195E-03
    15.5   4.317       4.317      0.1284E-03
    16.5   4.587       4.587      0.1374E-03
    17.5   4.857       4.857      0.1467E-03
    18.5   5.127       5.127      0.1561E-03
    19.5   5.397       5.397      0.1657E-03
    20.5   5.666       5.667      0.1756E-03
    21.5   5.936       5.936      0.1858E-03
    22.5   6.206       6.206      0.1963E-03
    23.5   6.476       6.476      0.2071E-03
    24.5   6.746       6.746      0.2183E-03
    25.5   7.016       7.016      0.2299E-03
    26.5   7.285       7.286      0.2419E-03
    27.5   7.555       7.555      0.2543E-03
    28.5   7.825       7.825      0.2673E-03
    29.5   8.095       8.095      0.2807E-03
    30.5   8.365       8.365      0.2947E-03
    31.5   8.634       8.635      0.3092E-03
    32.5   8.904       8.905      0.3244E-03
    33.5   9.174       9.174      0.3401E-03
    34.5   9.444       9.444      0.3565E-03
    35.5   9.714       9.714      0.3737E-03
    36.5   9.984       9.984      0.3916E-03
    37.5   10.25       10.25      0.4103E-03
    38.5   10.52       10.52      0.4298E-03
    39.5   10.79       10.79      0.4502E-03
    40.5   11.06       11.06      0.4716E-03
    41.5   11.33       11.33      0.4940E-03
    42.5   11.60       11.60      0.5173E-03
    43.5   11.87       11.87      0.5418E-03
    44.5   12.14       12.14      0.5673E-03
    45.5   12.41       12.41      0.5941E-03
    46.5   12.68       12.68      0.6221E-03
    47.5   12.95       12.95      0.6514E-03
    48.5   13.22       13.22      0.6820E-03
    49.5   13.49       13.49      0.7142E-03
    50.5   13.76       13.76      0.7479E-03
    51.5   14.03       14.03      0.7833E-03
    52.5   14.30       14.30      0.8203E-03
    53.5   14.57       14.57      0.8592E-03
    54.5   14.84       14.84      0.9000E-03
    55.5   15.11       15.11      0.9427E-03
    56.5   15.38       15.38      0.9875E-03
    57.5   15.65       15.65      0.1035E-02
    58.5   15.92       15.92      0.1084E-02
    59.5   16.19       16.19      0.1135E-02
    60.5   16.46       16.46      0.1190E-02
    61.5   16.73       16.73      0.1246E-02
    62.5   17.00       17.00      0.1306E-02
    63.5   17.27       17.27      0.1368E-02
    64.5   17.54       17.54      0.1433E-02
    65.5   17.81       17.81      0.1501E-02
    66.5   18.08       18.08      0.1572E-02
    67.5   18.34       18.35      0.1647E-02
    68.5   18.61       18.62      0.1725E-02
    69.5   18.88       18.89      0.1806E-02
    70.5   19.15       19.16      0.1891E-02
    71.5   19.42       19.42      0.1980E-02
    72.5   19.69       19.69      0.2074E-02
    73.5   19.96       19.96      0.2171E-02
    74.5   20.23       20.23      0.2273E-02
    75.5   20.50       20.50      0.2380E-02
    76.5   20.77       20.77      0.2491E-02
    77.5   21.04       21.04      0.2608E-02
    78.5   21.31       21.31      0.2730E-02
    79.5   21.58       21.58      0.2858E-02
    80.5   21.85       21.85      0.2992E-02
    81.5   22.12       22.12      0.3133E-02
    82.5   22.38       22.39      0.3281E-02
    83.5   22.65       22.66      0.3437E-02
    84.5   22.92       22.93      0.3601E-02
    85.5   23.19       23.19      0.3774E-02
    86.5   23.46       23.46      0.3958E-02
    87.5   23.73       23.73      0.4153E-02
    88.5   24.00       24.00      0.4360E-02
    89.5   24.27       24.27      0.4582E-02
    90.5   24.53       24.54      0.4820E-02
    91.5   24.80       24.81      0.5075E-02
    92.5   25.07       25.08      0.5350E-02
    93.5   25.34       25.34      0.5647E-02
    94.5   25.61       25.61      0.5970E-02
    95.5   25.87       25.88      0.6320E-02
    96.5   26.14       26.15      0.6701E-02
    97.5   26.41       26.41      0.7117E-02
    98.5   26.67       26.68      0.7571E-02
    99.5   26.94       26.95      0.8067E-02
   100.5   27.21       27.22      0.8610E-02
   101.5   27.47       27.48      0.9204E-02
   102.5   27.74       27.75      0.9854E-02
   103.5   28.00       28.01      0.1056E-01
   104.5   28.27       28.28      0.1134E-01
   105.5   28.53       28.54      0.1219E-01
   106.5   28.79       28.81      0.1311E-01
   107.5   29.05       29.07      0.1412E-01
   108.5   29.32       29.33      0.1521E-01
   109.5   29.58       29.59      0.1640E-01
   110.5   29.83       29.85      0.1768E-01
   111.5   30.09       30.11      0.1906E-01
   112.5   30.34       30.36      0.2054E-01
   113.5   30.60       30.62      0.2214E-01
   114.5   30.85       30.87      0.2385E-01
   115.5   31.09       31.12      0.2568E-01
   116.5   31.34       31.36      0.2763E-01
   117.5   31.57       31.60      0.2972E-01
   118.5   31.81       31.84      0.3193E-01
   119.5   32.04       32.07      0.3429E-01
   120.5   32.26       32.30      0.3678E-01
   121.5   32.48       32.52      0.3941E-01
   122.5   32.68       32.73      0.4218E-01
   123.5   32.88       32.93      0.4508E-01
   124.5   33.07       33.12      0.4813E-01
   125.5   33.25       33.30      0.5131E-01
   126.5   33.42       33.47      0.5462E-01
   127.5   33.57       33.63      0.5806E-01
   128.5   33.71       33.77      0.6162E-01
   129.5   33.83       33.90      0.6531E-01
   130.5   33.94       34.01      0.6910E-01
   131.5   34.03       34.10      0.7300E-01
   132.5   34.09       34.17      0.7700E-01
   133.5   34.14       34.22      0.8109E-01
   134.5   34.16       34.25      0.8526E-01
   135.5   34.16       34.25      0.8950E-01
   136.5   34.13       34.22      0.9379E-01
   137.5   34.07       34.17      0.9811E-01
   138.5   33.99       34.09      0.1025    
   139.5   33.87       33.98      0.1068    
   140.5   33.72       33.83      0.1112    
   141.5   33.53       33.65      0.1155    
   142.5   33.31       33.43      0.1198    
   143.5   33.06       33.18      0.1240    
   144.5   32.76       32.89      0.1282    
   145.5   32.43       32.56      0.1322    
   146.5   32.06       32.20      0.1362    
   147.5   31.65       31.79      0.1400    
   148.5   31.20       31.35      0.1437    
   149.5   30.72       30.87      0.1473    
   150.5   30.20       30.35      0.1507    
   151.5   29.64       29.79      0.1539    
   152.5   29.05       29.20      0.1571    
   153.5   28.42       28.58      0.1600    
   154.5   27.77       27.93      0.1629    
   155.5   27.08       27.25      0.1656    
   156.5   26.38       26.54      0.1682    
   157.5   25.65       25.82      0.1706    
   158.5   24.90       25.07      0.1730    
   159.5   24.13       24.31      0.1753    
   160.5   23.35       23.53      0.1775    
   161.5   22.57       22.74      0.1797    
   162.5   21.77       21.95      0.1818    
   163.5   20.97       21.16      0.1839    
   164.5   20.18       20.36      0.1860    
   165.5   19.38       19.57      0.1881    
   166.5   18.60       18.79      0.1902    
   167.5   17.82       18.01      0.1923    
   168.5   17.05       17.25      0.1944    
   169.5   16.30       16.50      0.1966    
   170.5   15.56       15.76      0.1987    
   171.5   14.84       15.04      0.2009    
   172.5   14.14       14.34      0.2032    
   173.5   13.46       13.66      0.2054    
   174.5   12.80       13.01      0.2077    
   175.5   12.16       12.37      0.2100    
   176.5   11.55       11.76      0.2123    
   177.5   10.95       11.17      0.2147    
   178.5   10.39       10.60      0.2170    
   179.5   9.840       10.06      0.2193    
   180.5   9.318       9.540      0.2216    
   181.5   8.820       9.044      0.2239    
   182.5   8.344       8.570      0.2262    
   183.5   7.891       8.119      0.2285    
   184.5   7.459       7.690      0.2307    
   185.5   7.049       7.282      0.2329    
   186.5   6.660       6.895      0.2351    
   187.5   6.291       6.528      0.2372    
   188.5   5.941       6.181      0.2392    
   189.5   5.610       5.852      0.2413    
   190.5   5.297       5.541      0.2432    
   191.5   5.002       5.247      0.2451    
   192.5   4.722       4.969      0.2470    
   193.5   4.458       4.707      0.2488    
   194.5   4.210       4.460      0.2506    
   195.5   3.975       4.227      0.2522    
   196.5   3.754       4.008      0.2539    
   197.5   3.546       3.801      0.2555    
   198.5   3.349       3.606      0.2570    
   199.5   3.165       3.423      0.2585    
   200.5   2.991       3.251      0.2599    
 &
