 loop =          -1  is type =           0   0.00000000       1.00000000       0.00000000       2.65000010       0.00000000       0.00000000       0.00000000       0.00000000       0.00000000    
 loop =          -1  is type =           0   0.00000000       208.000000       0.00000000       1.29999995       0.00000000       0.00000000       0.00000000       0.00000000       0.00000000    
 loop =          -1  is type =           1   0.00000000       114.199997       1.28600001      0.852999985       9.43999958       1.73899996      0.809000015       0.00000000       0.00000000    
 loop =          -1  is type =           0   0.00000000       208.000000       0.00000000       1.29999995       0.00000000       0.00000000       0.00000000       0.00000000       0.00000000    
 loop =          -1  is type =           1   0.00000000       34.8190002       1.16999996      0.750000000       15.3400002       1.32000005      0.601000011       0.00000000       0.00000000    
 loop =          -1  is type =           0   0.00000000       1.00000000       0.00000000       2.39100003       0.00000000       0.00000000       0.00000000       0.00000000       0.00000000    
 loop =          -1  is type =           1   0.00000000       44.6749992       2.39100003      0.479999989       0.00000000       0.00000000       0.00000000       0.00000000       0.00000000    
 loop =          -1  is type =           3   0.00000000       4.89799976       2.39100003      0.479999989       0.00000000       0.00000000       0.00000000       0.00000000       0.00000000    
 WOUT,ITER,FALLOC = F           0 F
  0.50000000000000000      +NUMCC:          21           1
  0.50000000000000000      +CCSET:          21           1          21
  0.50000000000000000      -NUMCC:          21           1
  0.50000000000000000      -CCSET:          21           1          21
   1.5000000000000000      +NUMCC:          22           2
   1.5000000000000000      +CCSET:          22           2          22
   1.5000000000000000      -NUMCC:          22           2
   1.5000000000000000      -CCSET:          22           2          22
   2.5000000000000000      +NUMCC:          22           2
   2.5000000000000000      +CCSET:          22           2          22
   2.5000000000000000      -NUMCC:          22           2
   2.5000000000000000      -CCSET:          22           2          22
   3.5000000000000000      +NUMCC:          22           2
   3.5000000000000000      +CCSET:          22           2          22
   3.5000000000000000      -NUMCC:          22           2
   3.5000000000000000      -CCSET:          22           2          22
   4.5000000000000000      +NUMCC:          22           2
   4.5000000000000000      +CCSET:          22           2          22
   4.5000000000000000      -NUMCC:          22           2
   4.5000000000000000      -CCSET:          22           2          22
   5.5000000000000000      +NUMCC:          22           2
   5.5000000000000000      +CCSET:          22           2          22
   5.5000000000000000      -NUMCC:          22           2
   5.5000000000000000      -CCSET:          22           2          22
   6.5000000000000000      +NUMCC:          22           2
   6.5000000000000000      +CCSET:          22           2          22
   6.5000000000000000      -NUMCC:          22           2
   6.5000000000000000      -CCSET:          22           2          22
   7.5000000000000000      +NUMCC:          22           2
   7.5000000000000000      +CCSET:          22           2          22
   7.5000000000000000      -NUMCC:          22           2
   7.5000000000000000      -CCSET:          22           2          22
   8.5000000000000000      +NUMCC:          22           2
   8.5000000000000000      +CCSET:          22           2          22
   8.5000000000000000      -NUMCC:          22           2
   8.5000000000000000      -CCSET:          22           2          22
   9.5000000000000000      +NUMCC:          22           2
   9.5000000000000000      +CCSET:          22           2          22
   9.5000000000000000      -NUMCC:          22           2
   9.5000000000000000      -CCSET:          22           2          22
   10.500000000000000      +NUMCC:          22           2
   10.500000000000000      +CCSET:          22           2          22
   10.500000000000000      -NUMCC:          22           2
   10.500000000000000      -CCSET:          22           2          22
   11.500000000000000      +NUMCC:          22           2
   11.500000000000000      +CCSET:          22           2          22
   11.500000000000000      -NUMCC:          22           2
   11.500000000000000      -CCSET:          22           2          22
   12.500000000000000      +NUMCC:          22           2
   12.500000000000000      +CCSET:          22           2          22
   12.500000000000000      -NUMCC:          22           2
   12.500000000000000      -CCSET:          22           2          22
   13.500000000000000      +NUMCC:          22           2
   13.500000000000000      +CCSET:          22           2          22
   13.500000000000000      -NUMCC:          22           2
   13.500000000000000      -CCSET:          22           2          22
   14.500000000000000      +NUMCC:          22           2
   14.500000000000000      +CCSET:          22           2          22
   14.500000000000000      -NUMCC:          22           2
   14.500000000000000      -CCSET:          22           2          22
   15.500000000000000      +NUMCC:          22           2
   15.500000000000000      +CCSET:          22           2          22
   15.500000000000000      -NUMCC:          22           2
   15.500000000000000      -CCSET:          22           2          22
   16.500000000000000      +NUMCC:          22           2
   16.500000000000000      +CCSET:          22           2          22
   16.500000000000000      -NUMCC:          22           2
   16.500000000000000      -CCSET:          22           2          22
   17.500000000000000      +NUMCC:          22           2
   17.500000000000000      +CCSET:          22           2          22
   17.500000000000000      -NUMCC:          22           2
   17.500000000000000      -CCSET:          22           2          22
   18.500000000000000      +NUMCC:          22           2
   18.500000000000000      +CCSET:          22           2          22
   18.500000000000000      -NUMCC:          22           2
   18.500000000000000      -CCSET:          22           2          22
   19.500000000000000      +NUMCC:          22           2
   19.500000000000000      +CCSET:          22           2          22
   19.500000000000000      -NUMCC:          22           2
   19.500000000000000      -CCSET:          22           2          22
   20.500000000000000      +NUMCC:          22           2
   20.500000000000000      +CCSET:          22           2          22
   20.500000000000000      -NUMCC:          22           2
   20.500000000000000      -CCSET:          22           2          22
   21.500000000000000      +NUMCC:          22           2
   21.500000000000000      +CCSET:          22           2          22
   21.500000000000000      -NUMCC:          22           2
   21.500000000000000      -CCSET:          22           2          22
   22.500000000000000      +NUMCC:          22           2
   22.500000000000000      +CCSET:          22           2          22
   22.500000000000000      -NUMCC:          22           2
   22.500000000000000      -CCSET:          22           2          22
   23.500000000000000      +NUMCC:          22           2
   23.500000000000000      +CCSET:          22           2          22
   23.500000000000000      -NUMCC:          22           2
   23.500000000000000      -CCSET:          22           2          22
   24.500000000000000      +NUMCC:          22           2
   24.500000000000000      +CCSET:          22           2          22
   24.500000000000000      -NUMCC:          22           2
   24.500000000000000      -CCSET:          22           2          22
   25.500000000000000      +NUMCC:          22           2
   25.500000000000000      +CCSET:          22           2          22
   25.500000000000000      -NUMCC:          22           2
   25.500000000000000      -CCSET:          22           2          22
   26.500000000000000      +NUMCC:          22           2
   26.500000000000000      +CCSET:          22           2          22
   26.500000000000000      -NUMCC:          22           2
   26.500000000000000      -CCSET:          22           2          22
   27.500000000000000      +NUMCC:          22           2
   27.500000000000000      +CCSET:          22           2          22
   27.500000000000000      -NUMCC:          22           2
   27.500000000000000      -CCSET:          22           2          22
   28.500000000000000      +NUMCC:          22           2
   28.500000000000000      +CCSET:          22           2          22
   28.500000000000000      -NUMCC:          22           2
   28.500000000000000      -CCSET:          22           2          22
   29.500000000000000      +NUMCC:          22           2
   29.500000000000000      +CCSET:          22           2          22
   29.500000000000000      -NUMCC:          22           2
   29.500000000000000      -CCSET:          22           2          22
   30.500000000000000      +NUMCC:          22           2
   30.500000000000000      +CCSET:          22           2          22
   30.500000000000000      -NUMCC:          22           2
   30.500000000000000      -CCSET:          22           2          22
   31.500000000000000      +NUMCC:          22           2
   31.500000000000000      +CCSET:          22           2          22
   31.500000000000000      -NUMCC:          22           2
   31.500000000000000      -CCSET:          22           2          22
   32.500000000000000      +NUMCC:          22           2
   32.500000000000000      +CCSET:          22           2          22
   32.500000000000000      -NUMCC:          22           2
   32.500000000000000      -CCSET:          22           2          22
   33.500000000000000      +NUMCC:          22           2
   33.500000000000000      +CCSET:          22           2          22
   33.500000000000000      -NUMCC:          22           2
   33.500000000000000      -CCSET:          22           2          22
   34.500000000000000      +NUMCC:          22           2
   34.500000000000000      +CCSET:          22           2          22
   34.500000000000000      -NUMCC:          22           2
   34.500000000000000      -CCSET:          22           2          22
   35.500000000000000      +NUMCC:          22           2
   35.500000000000000      +CCSET:          22           2          22
   35.500000000000000      -NUMCC:          22           2
   35.500000000000000      -CCSET:          22           2          22
   36.500000000000000      +NUMCC:          22           2
   36.500000000000000      +CCSET:          22           2          22
   36.500000000000000      -NUMCC:          22           2
   36.500000000000000      -CCSET:          22           2          22
   37.500000000000000      +NUMCC:          22           2
   37.500000000000000      +CCSET:          22           2          22
   37.500000000000000      -NUMCC:          22           2
   37.500000000000000      -CCSET:          22           2          22
   38.500000000000000      +NUMCC:          22           2
   38.500000000000000      +CCSET:          22           2          22
   38.500000000000000      -NUMCC:          22           2
   38.500000000000000      -CCSET:          22           2          22
   39.500000000000000      +NUMCC:          22           2
   39.500000000000000      +CCSET:          22           2          22
   39.500000000000000      -NUMCC:          22           2
   39.500000000000000      -CCSET:          22           2          22
   40.500000000000000      +NUMCC:          22           2
   40.500000000000000      +CCSET:          22           2          22
   40.500000000000000      -NUMCC:          22           2
   40.500000000000000      -CCSET:          22           2          22
   41.500000000000000      +NUMCC:          22           2
   41.500000000000000      +CCSET:          22           2          22
   41.500000000000000      -NUMCC:          22           2
   41.500000000000000      -CCSET:          22           2          22
   42.500000000000000      +NUMCC:          22           2
   42.500000000000000      +CCSET:          22           2          22
   42.500000000000000      -NUMCC:          22           2
   42.500000000000000      -CCSET:          22           2          22
   43.500000000000000      +NUMCC:          22           2
   43.500000000000000      +CCSET:          22           2          22
   43.500000000000000      -NUMCC:          22           2
   43.500000000000000      -CCSET:          22           2          22
   44.500000000000000      +NUMCC:          22           2
   44.500000000000000      +CCSET:          22           2          22
   44.500000000000000      -NUMCC:          22           2
   44.500000000000000      -CCSET:          22           2          22
   45.500000000000000      +NUMCC:          22           2
   45.500000000000000      +CCSET:          22           2          22
   45.500000000000000      -NUMCC:          22           2
   45.500000000000000      -CCSET:          22           2          22
   46.500000000000000      +NUMCC:          22           2
   46.500000000000000      +CCSET:          22           2          22
   46.500000000000000      -NUMCC:          22           2
   46.500000000000000      -CCSET:          22           2          22
   47.500000000000000      +NUMCC:          22           2
   47.500000000000000      +CCSET:          22           2          22
   47.500000000000000      -NUMCC:          22           2
   47.500000000000000      -CCSET:          22           2          22
   48.500000000000000      +NUMCC:          22           2
   48.500000000000000      +CCSET:          22           2          22
   48.500000000000000      -NUMCC:          22           2
   48.500000000000000      -CCSET:          22           2          22
   49.500000000000000      +NUMCC:          22           2
   49.500000000000000      +CCSET:          22           2          22
   49.500000000000000      -NUMCC:          22           2
   49.500000000000000      -CCSET:          22           2          22
   50.500000000000000      +NUMCC:          22           2
   50.500000000000000      +CCSET:          22           2          22
   50.500000000000000      -NUMCC:          22           2
   50.500000000000000      -CCSET:          22           2          22
   51.500000000000000      +NUMCC:          22           2
   51.500000000000000      +CCSET:          22           2          22
   51.500000000000000      -NUMCC:          22           2
   51.500000000000000      -CCSET:          22           2          22
   52.500000000000000      +NUMCC:          22           2
   52.500000000000000      +CCSET:          22           2          22
   52.500000000000000      -NUMCC:          22           2
   52.500000000000000      -CCSET:          22           2          22
   53.500000000000000      +NUMCC:          22           2
   53.500000000000000      +CCSET:          22           2          22
   53.500000000000000      -NUMCC:          22           2
   53.500000000000000      -CCSET:          22           2          22
   54.500000000000000      +NUMCC:          22           2
   54.500000000000000      +CCSET:          22           2          22
   54.500000000000000      -NUMCC:          22           2
   54.500000000000000      -CCSET:          22           2          22
   55.500000000000000      +NUMCC:          22           2
   55.500000000000000      +CCSET:          22           2          22
   55.500000000000000      -NUMCC:          22           2
   55.500000000000000      -CCSET:          22           2          22
   56.500000000000000      +NUMCC:          22           2
   56.500000000000000      +CCSET:          22           2          22
   56.500000000000000      -NUMCC:          22           2
   56.500000000000000      -CCSET:          22           2          22
   57.500000000000000      +NUMCC:          22           2
   57.500000000000000      +CCSET:          22           2          22
   57.500000000000000      -NUMCC:          22           2
   57.500000000000000      -CCSET:          22           2          22
   58.500000000000000      +NUMCC:          22           2
   58.500000000000000      +CCSET:          22           2          22
   58.500000000000000      -NUMCC:          22           2
   58.500000000000000      -CCSET:          22           2          22
   59.500000000000000      +NUMCC:          22           2
   59.500000000000000      +CCSET:          22           2          22
   59.500000000000000      -NUMCC:          22           2
   59.500000000000000      -CCSET:          22           2          22
   60.500000000000000      +NUMCC:          22           2
   60.500000000000000      +CCSET:          22           2          22
   60.500000000000000      -NUMCC:          22           2
   60.500000000000000      -CCSET:          22           2          22
   61.500000000000000      +NUMCC:          22           2
   61.500000000000000      +CCSET:          22           2          22
   61.500000000000000      -NUMCC:          22           2
   61.500000000000000      -CCSET:          22           2          22
   62.500000000000000      +NUMCC:          22           2
   62.500000000000000      +CCSET:          22           2          22
   62.500000000000000      -NUMCC:          22           2
   62.500000000000000      -CCSET:          22           2          22
   63.500000000000000      +NUMCC:          22           2
   63.500000000000000      +CCSET:          22           2          22
   63.500000000000000      -NUMCC:          22           2
   63.500000000000000      -CCSET:          22           2          22
   64.500000000000000      +NUMCC:          22           2
   64.500000000000000      +CCSET:          22           2          22
   64.500000000000000      -NUMCC:          22           2
   64.500000000000000      -CCSET:          22           2          22
   65.500000000000000      +NUMCC:          22           2
   65.500000000000000      +CCSET:          22           2          22
   65.500000000000000      -NUMCC:          22           2
   65.500000000000000      -CCSET:          22           2          22
   66.500000000000000      +NUMCC:          22           2
   66.500000000000000      +CCSET:          22           2          22
   66.500000000000000      -NUMCC:          22           2
   66.500000000000000      -CCSET:          22           2          22
   67.500000000000000      +NUMCC:          22           2
   67.500000000000000      +CCSET:          22           2          22
   67.500000000000000      -NUMCC:          22           2
   67.500000000000000      -CCSET:          22           2          22
   68.500000000000000      +NUMCC:          22           2
   68.500000000000000      +CCSET:          22           2          22
   68.500000000000000      -NUMCC:          22           2
   68.500000000000000      -CCSET:          22           2          22
   69.500000000000000      +NUMCC:          22           2
   69.500000000000000      +CCSET:          22           2          22
   69.500000000000000      -NUMCC:          22           2
   69.500000000000000      -CCSET:          22           2          22
   70.500000000000000      +NUMCC:          22           2
   70.500000000000000      +CCSET:          22           2          22
   70.500000000000000      -NUMCC:          22           2
   70.500000000000000      -CCSET:          22           2          22
   71.500000000000000      +NUMCC:          22           2
   71.500000000000000      +CCSET:          22           2          22
   71.500000000000000      -NUMCC:          22           2
   71.500000000000000      -CCSET:          22           2          22
   72.500000000000000      +NUMCC:          22           2
   72.500000000000000      +CCSET:          22           2          22
   72.500000000000000      -NUMCC:          22           2
   72.500000000000000      -CCSET:          22           2          22
   73.500000000000000      +NUMCC:          22           2
   73.500000000000000      +CCSET:          22           2          22
   73.500000000000000      -NUMCC:          22           2
   73.500000000000000      -CCSET:          22           2          22
   74.500000000000000      +NUMCC:          22           2
   74.500000000000000      +CCSET:          22           2          22
   74.500000000000000      -NUMCC:          22           2
   74.500000000000000      -CCSET:          22           2          22
   75.500000000000000      +NUMCC:          22           2
   75.500000000000000      +CCSET:          22           2          22
   75.500000000000000      -NUMCC:          22           2
   75.500000000000000      -CCSET:          22           2          22
   76.500000000000000      +NUMCC:          22           2
   76.500000000000000      +CCSET:          22           2          22
   76.500000000000000      -NUMCC:          22           2
   76.500000000000000      -CCSET:          22           2          22
   77.500000000000000      +NUMCC:          22           2
   77.500000000000000      +CCSET:          22           2          22
   77.500000000000000      -NUMCC:          22           2
   77.500000000000000      -CCSET:          22           2          22
   78.500000000000000      +NUMCC:          22           2
   78.500000000000000      +CCSET:          22           2          22
   78.500000000000000      -NUMCC:          22           2
   78.500000000000000      -CCSET:          22           2          22
   79.500000000000000      +NUMCC:          22           2
   79.500000000000000      +CCSET:          22           2          22
   79.500000000000000      -NUMCC:          22           2
   79.500000000000000      -CCSET:          22           2          22
   80.500000000000000      +NUMCC:          22           2
   80.500000000000000      +CCSET:          22           2          22
   80.500000000000000      -NUMCC:          22           2
   80.500000000000000      -CCSET:          22           2          22
   81.500000000000000      +NUMCC:          22           2
   81.500000000000000      +CCSET:          22           2          22
   81.500000000000000      -NUMCC:          22           2
   81.500000000000000      -CCSET:          22           2          22
   82.500000000000000      +NUMCC:          22           2
   82.500000000000000      +CCSET:          22           2          22
   82.500000000000000      -NUMCC:          22           2
   82.500000000000000      -CCSET:          22           2          22
   83.500000000000000      +NUMCC:          22           2
   83.500000000000000      +CCSET:          22           2          22
   83.500000000000000      -NUMCC:          22           2
   83.500000000000000      -CCSET:          22           2          22
   84.500000000000000      +NUMCC:          22           2
   84.500000000000000      +CCSET:          22           2          22
   84.500000000000000      -NUMCC:          22           2
   84.500000000000000      -CCSET:          22           2          22
   85.500000000000000      +NUMCC:          22           2
   85.500000000000000      +CCSET:          22           2          22
   85.500000000000000      -NUMCC:          22           2
   85.500000000000000      -CCSET:          22           2          22
   86.500000000000000      +NUMCC:          22           2
   86.500000000000000      +CCSET:          22           2          22
   86.500000000000000      -NUMCC:          22           2
   86.500000000000000      -CCSET:          22           2          22
   87.500000000000000      +NUMCC:          22           2
   87.500000000000000      +CCSET:          22           2          22
   87.500000000000000      -NUMCC:          22           2
   87.500000000000000      -CCSET:          22           2          22
   88.500000000000000      +NUMCC:          22           2
   88.500000000000000      +CCSET:          22           2          22
   88.500000000000000      -NUMCC:          22           2
   88.500000000000000      -CCSET:          22           2          22
   89.500000000000000      +NUMCC:          22           2
   89.500000000000000      +CCSET:          22           2          22
   89.500000000000000      -NUMCC:          22           2
   89.500000000000000      -CCSET:          22           2          22
   90.500000000000000      +NUMCC:          22           2
   90.500000000000000      +CCSET:          22           2          22
   90.500000000000000      -NUMCC:          22           2
   90.500000000000000      -CCSET:          22           2          22
   91.500000000000000      +NUMCC:          22           2
   91.500000000000000      +CCSET:          22           2          22
   91.500000000000000      -NUMCC:          22           2
   91.500000000000000      -CCSET:          22           2          22
   92.500000000000000      +NUMCC:          22           2
   92.500000000000000      +CCSET:          22           2          22
   92.500000000000000      -NUMCC:          22           2
   92.500000000000000      -CCSET:          22           2          22
   93.500000000000000      +NUMCC:          22           2
   93.500000000000000      +CCSET:          22           2          22
   93.500000000000000      -NUMCC:          22           2
   93.500000000000000      -CCSET:          22           2          22
   94.500000000000000      +NUMCC:          22           2
   94.500000000000000      +CCSET:          22           2          22
   94.500000000000000      -NUMCC:          22           2
   94.500000000000000      -CCSET:          22           2          22
   95.500000000000000      +NUMCC:          22           2
   95.500000000000000      +CCSET:          22           2          22
   95.500000000000000      -NUMCC:          22           2
   95.500000000000000      -CCSET:          22           2          22
   96.500000000000000      +NUMCC:          22           2
   96.500000000000000      +CCSET:          22           2          22
   96.500000000000000      -NUMCC:          22           2
   96.500000000000000      -CCSET:          22           2          22
   97.500000000000000      +NUMCC:          22           2
   97.500000000000000      +CCSET:          22           2          22
   97.500000000000000      -NUMCC:          22           2
   97.500000000000000      -CCSET:          22           2          22
   98.500000000000000      +NUMCC:          22           2
   98.500000000000000      +CCSET:          22           2          22
   98.500000000000000      -NUMCC:          22           2
   98.500000000000000      -CCSET:          22           2          22
   99.500000000000000      +NUMCC:          22           2
   99.500000000000000      +CCSET:          22           2          22
   99.500000000000000      -NUMCC:          22           2
   99.500000000000000      -CCSET:          22           2          22
   100.50000000000000      +NUMCC:          22           2
   100.50000000000000      +CCSET:          22           2          22
   100.50000000000000      -NUMCC:          22           2
   100.50000000000000      -CCSET:          22           2          22
   101.50000000000000      +NUMCC:          22           2
   101.50000000000000      +CCSET:          22           2          22
   101.50000000000000      -NUMCC:          22           2
   101.50000000000000      -CCSET:          22           2          22
   102.50000000000000      +NUMCC:          22           2
   102.50000000000000      +CCSET:          22           2          22
   102.50000000000000      -NUMCC:          22           2
   102.50000000000000      -CCSET:          22           2          22
   103.50000000000000      +NUMCC:          22           2
   103.50000000000000      +CCSET:          22           2          22
   103.50000000000000      -NUMCC:          22           2
   103.50000000000000      -CCSET:          22           2          22
   104.50000000000000      +NUMCC:          22           2
   104.50000000000000      +CCSET:          22           2          22
   104.50000000000000      -NUMCC:          22           2
   104.50000000000000      -CCSET:          22           2          22
   105.50000000000000      +NUMCC:          22           2
   105.50000000000000      +CCSET:          22           2          22
   105.50000000000000      -NUMCC:          22           2
   105.50000000000000      -CCSET:          22           2          22
   106.50000000000000      +NUMCC:          22           2
   106.50000000000000      +CCSET:          22           2          22
   106.50000000000000      -NUMCC:          22           2
   106.50000000000000      -CCSET:          22           2          22
   107.50000000000000      +NUMCC:          22           2
   107.50000000000000      +CCSET:          22           2          22
   107.50000000000000      -NUMCC:          22           2
   107.50000000000000      -CCSET:          22           2          22
   108.50000000000000      +NUMCC:          22           2
   108.50000000000000      +CCSET:          22           2          22
   108.50000000000000      -NUMCC:          22           2
   108.50000000000000      -CCSET:          22           2          22
   109.50000000000000      +NUMCC:          22           2
   109.50000000000000      +CCSET:          22           2          22
   109.50000000000000      -NUMCC:          22           2
   109.50000000000000      -CCSET:          22           2          22
   110.50000000000000      +NUMCC:          22           2
   110.50000000000000      +CCSET:          22           2          22
   110.50000000000000      -NUMCC:          22           2
   110.50000000000000      -CCSET:          22           2          22
   111.50000000000000      +NUMCC:          22           2
   111.50000000000000      +CCSET:          22           2          22
   111.50000000000000      -NUMCC:          22           2
   111.50000000000000      -CCSET:          22           2          22
   112.50000000000000      +NUMCC:          22           2
   112.50000000000000      +CCSET:          22           2          22
   112.50000000000000      -NUMCC:          22           2
   112.50000000000000      -CCSET:          22           2          22
   113.50000000000000      +NUMCC:          22           2
   113.50000000000000      +CCSET:          22           2          22
   113.50000000000000      -NUMCC:          22           2
   113.50000000000000      -CCSET:          22           2          22
   114.50000000000000      +NUMCC:          22           2
   114.50000000000000      +CCSET:          22           2          22
   114.50000000000000      -NUMCC:          22           2
   114.50000000000000      -CCSET:          22           2          22
   115.50000000000000      +NUMCC:          22           2
   115.50000000000000      +CCSET:          22           2          22
   115.50000000000000      -NUMCC:          22           2
   115.50000000000000      -CCSET:          22           2          22
   116.50000000000000      +NUMCC:          22           2
   116.50000000000000      +CCSET:          22           2          22
   116.50000000000000      -NUMCC:          22           2
   116.50000000000000      -CCSET:          22           2          22
   117.50000000000000      +NUMCC:          22           2
   117.50000000000000      +CCSET:          22           2          22
   117.50000000000000      -NUMCC:          22           2
   117.50000000000000      -CCSET:          22           2          22
   118.50000000000000      +NUMCC:          22           2
   118.50000000000000      +CCSET:          22           2          22
   118.50000000000000      -NUMCC:          22           2
   118.50000000000000      -CCSET:          22           2          22
   119.50000000000000      +NUMCC:          22           2
   119.50000000000000      +CCSET:          22           2          22
   119.50000000000000      -NUMCC:          22           2
   119.50000000000000      -CCSET:          22           2          22
   120.50000000000000      +NUMCC:          22           2
   120.50000000000000      +CCSET:          22           2          22
   120.50000000000000      -NUMCC:          22           2
   120.50000000000000      -CCSET:          22           2          22
   121.50000000000000      +NUMCC:          22           2
   121.50000000000000      +CCSET:          22           2          22
   121.50000000000000      -NUMCC:          22           2
   121.50000000000000      -CCSET:          22           2          22
   122.50000000000000      +NUMCC:          22           2
   122.50000000000000      +CCSET:          22           2          22
   122.50000000000000      -NUMCC:          22           2
   122.50000000000000      -CCSET:          22           2          22
   123.50000000000000      +NUMCC:          22           2
   123.50000000000000      +CCSET:          22           2          22
   123.50000000000000      -NUMCC:          22           2
   123.50000000000000      -CCSET:          22           2          22
   124.50000000000000      +NUMCC:          22           2
   124.50000000000000      +CCSET:          22           2          22
   124.50000000000000      -NUMCC:          22           2
   124.50000000000000      -CCSET:          22           2          22
   125.50000000000000      +NUMCC:          22           2
   125.50000000000000      +CCSET:          22           2          22
   125.50000000000000      -NUMCC:          22           2
   125.50000000000000      -CCSET:          22           2          22
   126.50000000000000      +NUMCC:          22           2
   126.50000000000000      +CCSET:          22           2          22
   126.50000000000000      -NUMCC:          22           2
   126.50000000000000      -CCSET:          22           2          22
   127.50000000000000      +NUMCC:          22           2
   127.50000000000000      +CCSET:          22           2          22
   127.50000000000000      -NUMCC:          22           2
   127.50000000000000      -CCSET:          22           2          22
   128.50000000000000      +NUMCC:          22           2
   128.50000000000000      +CCSET:          22           2          22
   128.50000000000000      -NUMCC:          22           2
   128.50000000000000      -CCSET:          22           2          22
   129.50000000000000      +NUMCC:          22           2
   129.50000000000000      +CCSET:          22           2          22
   129.50000000000000      -NUMCC:          22           2
   129.50000000000000      -CCSET:          22           2          22
   130.50000000000000      +NUMCC:          22           2
   130.50000000000000      +CCSET:          22           2          22
   130.50000000000000      -NUMCC:          22           2
   130.50000000000000      -CCSET:          22           2          22
   131.50000000000000      +NUMCC:          22           2
   131.50000000000000      +CCSET:          22           2          22
   131.50000000000000      -NUMCC:          22           2
   131.50000000000000      -CCSET:          22           2          22
   132.50000000000000      +NUMCC:          22           2
   132.50000000000000      +CCSET:          22           2          22
   132.50000000000000      -NUMCC:          22           2
   132.50000000000000      -CCSET:          22           2          22
   133.50000000000000      +NUMCC:          22           2
   133.50000000000000      +CCSET:          22           2          22
   133.50000000000000      -NUMCC:          22           2
   133.50000000000000      -CCSET:          22           2          22
   134.50000000000000      +NUMCC:          22           2
   134.50000000000000      +CCSET:          22           2          22
   134.50000000000000      -NUMCC:          22           2
   134.50000000000000      -CCSET:          22           2          22
   135.50000000000000      +NUMCC:          22           2
   135.50000000000000      +CCSET:          22           2          22
   135.50000000000000      -NUMCC:          22           2
   135.50000000000000      -CCSET:          22           2          22
   136.50000000000000      +NUMCC:          22           2
   136.50000000000000      +CCSET:          22           2          22
   136.50000000000000      -NUMCC:          22           2
   136.50000000000000      -CCSET:          22           2          22
   137.50000000000000      +NUMCC:          22           2
   137.50000000000000      +CCSET:          22           2          22
   137.50000000000000      -NUMCC:          22           2
   137.50000000000000      -CCSET:          22           2          22
   138.50000000000000      +NUMCC:          22           2
   138.50000000000000      +CCSET:          22           2          22
   138.50000000000000      -NUMCC:          22           2
   138.50000000000000      -CCSET:          22           2          22
   139.50000000000000      +NUMCC:          22           2
   139.50000000000000      +CCSET:          22           2          22
   139.50000000000000      -NUMCC:          22           2
   139.50000000000000      -CCSET:          22           2          22
   140.50000000000000      +NUMCC:          22           2
   140.50000000000000      +CCSET:          22           2          22
   140.50000000000000      -NUMCC:          22           2
   140.50000000000000      -CCSET:          22           2          22
   141.50000000000000      +NUMCC:          22           2
   141.50000000000000      +CCSET:          22           2          22
   141.50000000000000      -NUMCC:          22           2
   141.50000000000000      -CCSET:          22           2          22
   142.50000000000000      +NUMCC:          22           2
   142.50000000000000      +CCSET:          22           2          22
   142.50000000000000      -NUMCC:          22           2
   142.50000000000000      -CCSET:          22           2          22
   143.50000000000000      +NUMCC:          22           2
   143.50000000000000      +CCSET:          22           2          22
   143.50000000000000      -NUMCC:          22           2
   143.50000000000000      -CCSET:          22           2          22
   144.50000000000000      +NUMCC:          22           2
   144.50000000000000      +CCSET:          22           2          22
   144.50000000000000      -NUMCC:          22           2
   144.50000000000000      -CCSET:          22           2          22
   145.50000000000000      +NUMCC:          22           2
   145.50000000000000      +CCSET:          22           2          22
   145.50000000000000      -NUMCC:          22           2
   145.50000000000000      -CCSET:          22           2          22
   146.50000000000000      +NUMCC:          22           2
   146.50000000000000      +CCSET:          22           2          22
   146.50000000000000      -NUMCC:          22           2
   146.50000000000000      -CCSET:          22           2          22
   147.50000000000000      +NUMCC:          22           2
   147.50000000000000      +CCSET:          22           2          22
   147.50000000000000      -NUMCC:          22           2
   147.50000000000000      -CCSET:          22           2          22
   148.50000000000000      +NUMCC:          22           2
   148.50000000000000      +CCSET:          22           2          22
   148.50000000000000      -NUMCC:          22           2
   148.50000000000000      -CCSET:          22           2          22
   149.50000000000000      +NUMCC:          22           2
   149.50000000000000      +CCSET:          22           2          22
   149.50000000000000      -NUMCC:          22           2
   149.50000000000000      -CCSET:          22           2          22
   150.50000000000000      +NUMCC:          22           2
   150.50000000000000      +CCSET:          22           2          22
   150.50000000000000      -NUMCC:          22           2
   150.50000000000000      -CCSET:          22           2          22
   151.50000000000000      +NUMCC:          22           2
   151.50000000000000      +CCSET:          22           2          22
   151.50000000000000      -NUMCC:          22           2
   151.50000000000000      -CCSET:          22           2          22
   152.50000000000000      +NUMCC:          22           2
   152.50000000000000      +CCSET:          22           2          22
   152.50000000000000      -NUMCC:          22           2
   152.50000000000000      -CCSET:          22           2          22
   153.50000000000000      +NUMCC:          22           2
   153.50000000000000      +CCSET:          22           2          22
   153.50000000000000      -NUMCC:          22           2
   153.50000000000000      -CCSET:          22           2          22
   154.50000000000000      +NUMCC:          22           2
   154.50000000000000      +CCSET:          22           2          22
   154.50000000000000      -NUMCC:          22           2
   154.50000000000000      -CCSET:          22           2          22
   155.50000000000000      +NUMCC:          22           2
   155.50000000000000      +CCSET:          22           2          22
   155.50000000000000      -NUMCC:          22           2
   155.50000000000000      -CCSET:          22           2          22
   156.50000000000000      +NUMCC:          22           2
   156.50000000000000      +CCSET:          22           2          22
   156.50000000000000      -NUMCC:          22           2
   156.50000000000000      -CCSET:          22           2          22
   157.50000000000000      +NUMCC:          22           2
   157.50000000000000      +CCSET:          22           2          22
   157.50000000000000      -NUMCC:          22           2
   157.50000000000000      -CCSET:          22           2          22
   158.50000000000000      +NUMCC:          22           2
   158.50000000000000      +CCSET:          22           2          22
   158.50000000000000      -NUMCC:          22           2
   158.50000000000000      -CCSET:          22           2          22
   159.50000000000000      +NUMCC:          22           2
   159.50000000000000      +CCSET:          22           2          22
   159.50000000000000      -NUMCC:          22           2
   159.50000000000000      -CCSET:          22           2          22
   160.50000000000000      +NUMCC:          22           2
   160.50000000000000      +CCSET:          22           2          22
   160.50000000000000      -NUMCC:          22           2
   160.50000000000000      -CCSET:          22           2          22
   161.50000000000000      +NUMCC:          22           2
   161.50000000000000      +CCSET:          22           2          22
   161.50000000000000      -NUMCC:          22           2
   161.50000000000000      -CCSET:          22           2          22
   162.50000000000000      +NUMCC:          22           2
   162.50000000000000      +CCSET:          22           2          22
   162.50000000000000      -NUMCC:          22           2
   162.50000000000000      -CCSET:          22           2          22
   163.50000000000000      +NUMCC:          22           2
   163.50000000000000      +CCSET:          22           2          22
   163.50000000000000      -NUMCC:          22           2
   163.50000000000000      -CCSET:          22           2          22
   164.50000000000000      +NUMCC:          22           2
   164.50000000000000      +CCSET:          22           2          22
   164.50000000000000      -NUMCC:          22           2
   164.50000000000000      -CCSET:          22           2          22
   165.50000000000000      +NUMCC:          22           2
   165.50000000000000      +CCSET:          22           2          22
   165.50000000000000      -NUMCC:          22           2
   165.50000000000000      -CCSET:          22           2          22
   166.50000000000000      +NUMCC:          22           2
   166.50000000000000      +CCSET:          22           2          22
   166.50000000000000      -NUMCC:          22           2
   166.50000000000000      -CCSET:          22           2          22
   167.50000000000000      +NUMCC:          22           2
   167.50000000000000      +CCSET:          22           2          22
   167.50000000000000      -NUMCC:          22           2
   167.50000000000000      -CCSET:          22           2          22
   168.50000000000000      +NUMCC:          22           2
   168.50000000000000      +CCSET:          22           2          22
   168.50000000000000      -NUMCC:          22           2
   168.50000000000000      -CCSET:          22           2          22
   169.50000000000000      +NUMCC:          22           2
   169.50000000000000      +CCSET:          22           2          22
   169.50000000000000      -NUMCC:          22           2
   169.50000000000000      -CCSET:          22           2          22
   170.50000000000000      +NUMCC:          22           2
   170.50000000000000      +CCSET:          22           2          22
   170.50000000000000      -NUMCC:          22           2
   170.50000000000000      -CCSET:          22           2          22
   171.50000000000000      +NUMCC:          22           2
   171.50000000000000      +CCSET:          22           2          22
   171.50000000000000      -NUMCC:          22           2
   171.50000000000000      -CCSET:          22           2          22
   172.50000000000000      +NUMCC:          22           2
   172.50000000000000      +CCSET:          22           2          22
   172.50000000000000      -NUMCC:          22           2
   172.50000000000000      -CCSET:          22           2          22
   173.50000000000000      +NUMCC:          22           2
   173.50000000000000      +CCSET:          22           2          22
   173.50000000000000      -NUMCC:          22           2
   173.50000000000000      -CCSET:          22           2          22
   174.50000000000000      +NUMCC:          22           2
   174.50000000000000      +CCSET:          22           2          22
   174.50000000000000      -NUMCC:          22           2
   174.50000000000000      -CCSET:          22           2          22
   175.50000000000000      +NUMCC:          22           2
   175.50000000000000      +CCSET:          22           2          22
   175.50000000000000      -NUMCC:          22           2
   175.50000000000000      -CCSET:          22           2          22
   176.50000000000000      +NUMCC:          22           2
   176.50000000000000      +CCSET:          22           2          22
   176.50000000000000      -NUMCC:          22           2
   176.50000000000000      -CCSET:          22           2          22
   177.50000000000000      +NUMCC:          22           2
   177.50000000000000      +CCSET:          22           2          22
   177.50000000000000      -NUMCC:          22           2
   177.50000000000000      -CCSET:          22           2          22
   178.50000000000000      +NUMCC:          22           2
   178.50000000000000      +CCSET:          22           2          22
   178.50000000000000      -NUMCC:          22           2
   178.50000000000000      -CCSET:          22           2          22
   179.50000000000000      +NUMCC:          22           2
   179.50000000000000      +CCSET:          22           2          22
   179.50000000000000      -NUMCC:          22           2
   179.50000000000000      -CCSET:          22           2          22
   180.50000000000000      +NUMCC:          22           2
   180.50000000000000      +CCSET:          22           2          22
   180.50000000000000      -NUMCC:          22           2
   180.50000000000000      -CCSET:          22           2          22
   181.50000000000000      +NUMCC:          22           2
   181.50000000000000      +CCSET:          22           2          22
   181.50000000000000      -NUMCC:          22           2
   181.50000000000000      -CCSET:          22           2          22
   182.50000000000000      +NUMCC:          22           2
   182.50000000000000      +CCSET:          22           2          22
   182.50000000000000      -NUMCC:          22           2
   182.50000000000000      -CCSET:          22           2          22
   183.50000000000000      +NUMCC:          22           2
   183.50000000000000      +CCSET:          22           2          22
   183.50000000000000      -NUMCC:          22           2
   183.50000000000000      -CCSET:          22           2          22
   184.50000000000000      +NUMCC:          22           2
   184.50000000000000      +CCSET:          22           2          22
   184.50000000000000      -NUMCC:          22           2
   184.50000000000000      -CCSET:          22           2          22
   185.50000000000000      +NUMCC:          22           2
   185.50000000000000      +CCSET:          22           2          22
   185.50000000000000      -NUMCC:          22           2
   185.50000000000000      -CCSET:          22           2          22
   186.50000000000000      +NUMCC:          22           2
   186.50000000000000      +CCSET:          22           2          22
   186.50000000000000      -NUMCC:          22           2
   186.50000000000000      -CCSET:          22           2          22
   187.50000000000000      +NUMCC:          22           2
   187.50000000000000      +CCSET:          22           2          22
   187.50000000000000      -NUMCC:          22           2
   187.50000000000000      -CCSET:          22           2          22
   188.50000000000000      +NUMCC:          22           2
   188.50000000000000      +CCSET:          22           2          22
   188.50000000000000      -NUMCC:          22           2
   188.50000000000000      -CCSET:          22           2          22
   189.50000000000000      +NUMCC:          22           2
   189.50000000000000      +CCSET:          22           2          22
   189.50000000000000      -NUMCC:          22           2
   189.50000000000000      -CCSET:          22           2          22
   190.50000000000000      +NUMCC:          22           2
   190.50000000000000      +CCSET:          22           2          22
   190.50000000000000      -NUMCC:          22           2
   190.50000000000000      -CCSET:          22           2          22
   191.50000000000000      +NUMCC:          22           2
   191.50000000000000      +CCSET:          22           2          22
   191.50000000000000      -NUMCC:          22           2
   191.50000000000000      -CCSET:          22           2          22
   192.50000000000000      +NUMCC:          22           2
   192.50000000000000      +CCSET:          22           2          22
   192.50000000000000      -NUMCC:          22           2
   192.50000000000000      -CCSET:          22           2          22
   193.50000000000000      +NUMCC:          22           2
   193.50000000000000      +CCSET:          22           2          22
   193.50000000000000      -NUMCC:          22           2
   193.50000000000000      -CCSET:          22           2          22
   194.50000000000000      +NUMCC:          22           2
   194.50000000000000      +CCSET:          22           2          22
   194.50000000000000      -NUMCC:          22           2
   194.50000000000000      -CCSET:          22           2          22
   195.50000000000000      +NUMCC:          22           2
   195.50000000000000      +CCSET:          22           2          22
   195.50000000000000      -NUMCC:          22           2
   195.50000000000000      -CCSET:          22           2          22
   196.50000000000000      +NUMCC:          22           2
   196.50000000000000      +CCSET:          22           2          22
   196.50000000000000      -NUMCC:          22           2
   196.50000000000000      -CCSET:          22           2          22
   197.50000000000000      +NUMCC:          22           2
   197.50000000000000      +CCSET:          22           2          22
   197.50000000000000      -NUMCC:          22           2
   197.50000000000000      -CCSET:          22           2          22
   198.50000000000000      +NUMCC:          22           2
   198.50000000000000      +CCSET:          22           2          22
   198.50000000000000      -NUMCC:          22           2
   198.50000000000000      -CCSET:          22           2          22
   199.50000000000000      +NUMCC:          22           2
   199.50000000000000      +CCSET:          22           2          22
   199.50000000000000      -NUMCC:          22           2
   199.50000000000000      -CCSET:          22           2          22
   200.50000000000000      +NUMCC:          22           2
   200.50000000000000      +CCSET:          22           2          22
   200.50000000000000      -NUMCC:          22           2
   200.50000000000000      -CCSET:          22           2          22
