# 401 angles,  1 tensor ranks for 0=projectile
@subtitle   "CDCC 8B+208Pb ; N+C q=0,1,2"                                                   
@legend ON
@legend x1 0.2
@legend y1 0.8
@g0 type LOGY
@yaxis ticklabel format power
@legend string   0 "Lab energy =  656.0000"
#legend string   0 "Partition=  1 Excit=  4 near/far= 1"
#  Theta       sigma       iT11        T20         T21         T22         Kyy for projectile
   0.000       1.349    
  0.5000E-01   1.422    
  0.1000       1.633    
  0.1500       1.962    
  0.2000       2.373    
  0.2500       2.825    
  0.3000       3.272    
  0.3500       3.666    
  0.4000       3.964    
  0.4500       4.135    
  0.5000       4.155    
  0.5500       4.017    
  0.6000       3.729    
  0.6500       3.312    
  0.7000       2.800    
  0.7500       2.234    
  0.8000       1.661    
  0.8500       1.129    
  0.9000      0.6804    
  0.9500      0.3500    
   1.000      0.1610    
   1.050      0.1229    
   1.100      0.2313    
   1.150      0.4680    
   1.200      0.8031    
   1.250       1.198    
   1.300       1.611    
   1.350       1.996    
   1.400       2.315    
   1.450       2.536    
   1.500       2.636    
   1.550       2.606    
   1.600       2.450    
   1.650       2.184    
   1.700       1.835    
   1.750       1.439    
   1.800       1.034    
   1.850      0.6602    
   1.900      0.3531    
   1.950      0.1419    
   2.000      0.4602E-01
   2.050      0.7315E-01
   2.100      0.2191    
   2.150      0.4681    
   2.200      0.7947    
   2.250       1.166    
   2.300       1.546    
   2.350       1.898    
   2.400       2.188    
   2.450       2.388    
   2.500       2.482    
   2.550       2.460    
   2.600       2.326    
   2.650       2.095    
   2.700       1.788    
   2.750       1.436    
   2.800       1.071    
   2.850      0.7288    
   2.900      0.4400    
   2.950      0.2310    
   3.000      0.1206    
   3.050      0.1183    
   3.100      0.2240    
   3.150      0.4281    
   3.200      0.7128    
   3.250       1.054    
   3.300       1.423    
   3.350       1.790    
   3.400       2.127    
   3.450       2.408    
   3.500       2.614    
   3.550       2.732    
   3.600       2.757    
   3.650       2.691    
   3.700       2.544    
   3.750       2.330    
   3.800       2.068    
   3.850       1.780    
   3.900       1.486    
   3.950       1.206    
   4.000      0.9575    
   4.050      0.7537    
   4.100      0.6031    
   4.150      0.5097    
   4.200      0.4732    
   4.250      0.4896    
   4.300      0.5521    
   4.350      0.6520    
   4.400      0.7796    
   4.450      0.9254    
   4.500       1.080    
   4.550       1.236    
   4.600       1.387    
   4.650       1.528    
   4.700       1.654    
   4.750       1.761    
   4.800       1.849    
   4.850       1.913    
   4.900       1.953    
   4.950       1.965    
   5.000       1.948    
   5.050       1.900    
   5.100       1.821    
   5.150       1.713    
   5.200       1.576    
   5.250       1.416    
   5.300       1.238    
   5.350       1.052    
   5.400      0.8671    
   5.450      0.6936    
   5.500      0.5429    
   5.550      0.4253    
   5.600      0.3499    
   5.650      0.3229    
   5.700      0.3478    
   5.750      0.4241    
   5.800      0.5476    
   5.850      0.7104    
   5.900      0.9011    
   5.950       1.106    
   6.000       1.310    
   6.050       1.497    
   6.100       1.653    
   6.150       1.765    
   6.200       1.824    
   6.250       1.825    
   6.300       1.767    
   6.350       1.654    
   6.400       1.492    
   6.450       1.295    
   6.500       1.076    
   6.550      0.8490    
   6.600      0.6309    
   6.650      0.4357    
   6.700      0.2755    
   6.750      0.1592    
   6.800      0.9203E-01
   6.850      0.7509E-01
   6.900      0.1055    
   6.950      0.1770    
   7.000      0.2802    
   7.050      0.4039    
   7.100      0.5358    
   7.150      0.6641    
   7.200      0.7776    
   7.250      0.8675    
   7.300      0.9272    
   7.350      0.9531    
   7.400      0.9446    
   7.450      0.9039    
   7.500      0.8356    
   7.550      0.7460    
   7.600      0.6427    
   7.650      0.5334    
   7.700      0.4257    
   7.750      0.3263    
   7.800      0.2404    
   7.850      0.1717    
   7.900      0.1219    
   7.950      0.9132E-01
   8.000      0.7858E-01
   8.050      0.8121E-01
   8.100      0.9594E-01
   8.150      0.1191    
   8.200      0.1471    
   8.250      0.1766    
   8.300      0.2048    
   8.350      0.2296    
   8.400      0.2496    
   8.450      0.2643    
   8.500      0.2734    
   8.550      0.2774    
   8.600      0.2767    
   8.650      0.2720    
   8.700      0.2639    
   8.750      0.2530    
   8.800      0.2395    
   8.850      0.2238    
   8.900      0.2059    
   8.950      0.1860    
   9.000      0.1644    
   9.050      0.1416    
   9.100      0.1183    
   9.150      0.9523E-01
   9.200      0.7362E-01
   9.250      0.5467E-01
   9.300      0.3959E-01
   9.350      0.2949E-01
   9.400      0.2520E-01
   9.450      0.2717E-01
   9.500      0.3537E-01
   9.550      0.4924E-01
   9.600      0.6773E-01
   9.650      0.8932E-01
   9.700      0.1122    
   9.750      0.1343    
   9.800      0.1537    
   9.850      0.1686    
   9.900      0.1775    
   9.950      0.1796    
   10.00      0.1746    
   10.05      0.1628    
   10.10      0.1451    
   10.15      0.1231    
   10.20      0.9860E-01
   10.25      0.7360E-01
   10.30      0.5017E-01
   10.35      0.3014E-01
   10.40      0.1499E-01
   10.45      0.5705E-02
   10.50      0.2677E-02
   10.55      0.5712E-02
   10.60      0.1406E-01
   10.65      0.2649E-01
   10.70      0.4148E-01
   10.75      0.5731E-01
   10.80      0.7228E-01
   10.85      0.8489E-01
   10.90      0.9391E-01
   10.95      0.9857E-01
   11.00      0.9855E-01
   11.05      0.9399E-01
   11.10      0.8549E-01
   11.15      0.7398E-01
   11.20      0.6061E-01
   11.25      0.4663E-01
   11.30      0.3326E-01
   11.35      0.2155E-01
   11.40      0.1231E-01
   11.45      0.6028E-02
   11.50      0.2850E-02
   11.55      0.2603E-02
   11.60      0.4832E-02
   11.65      0.8882E-02
   11.70      0.1398E-01
   11.75      0.1934E-01
   11.80      0.2424E-01
   11.85      0.2811E-01
   11.90      0.3054E-01
   11.95      0.3139E-01
   12.00      0.3068E-01
   12.05      0.2864E-01
   12.10      0.2563E-01
   12.15      0.2208E-01
   12.20      0.1844E-01
   12.25      0.1512E-01
   12.30      0.1241E-01
   12.35      0.1050E-01
   12.40      0.9437E-02
   12.45      0.9142E-02
   12.50      0.9432E-02
   12.55      0.1006E-01
   12.60      0.1076E-01
   12.65      0.1128E-01
   12.70      0.1145E-01
   12.75      0.1116E-01
   12.80      0.1043E-01
   12.85      0.9348E-02
   12.90      0.8103E-02
   12.95      0.6928E-02
   13.00      0.6069E-02
   13.05      0.5747E-02
   13.10      0.6121E-02
   13.15      0.7260E-02
   13.20      0.9131E-02
   13.25      0.1159E-01
   13.30      0.1441E-01
   13.35      0.1729E-01
   13.40      0.1990E-01
   13.45      0.2192E-01
   13.50      0.2310E-01
   13.55      0.2325E-01
   13.60      0.2232E-01
   13.65      0.2035E-01
   13.70      0.1753E-01
   13.75      0.1415E-01
   13.80      0.1056E-01
   13.85      0.7143E-02
   13.90      0.4276E-02
   13.95      0.2277E-02
   14.00      0.1372E-02
   14.05      0.1665E-02
   14.10      0.3131E-02
   14.15      0.5610E-02
   14.20      0.8832E-02
   14.25      0.1244E-01
   14.30      0.1604E-01
   14.35      0.1924E-01
   14.40      0.2169E-01
   14.45      0.2311E-01
   14.50      0.2336E-01
   14.55      0.2241E-01
   14.60      0.2037E-01
   14.65      0.1746E-01
   14.70      0.1398E-01
   14.75      0.1031E-01
   14.80      0.6815E-02
   14.85      0.3847E-02
   14.90      0.1685E-02
   14.95      0.5116E-03
   15.00      0.3962E-03
   15.05      0.1289E-02
   15.10      0.3033E-02
   15.15      0.5380E-02
   15.20      0.8028E-02
   15.25      0.1065E-01
   15.30      0.1294E-01
   15.35      0.1465E-01
   15.40      0.1558E-01
   15.45      0.1566E-01
   15.50      0.1490E-01
   15.55      0.1341E-01
   15.60      0.1138E-01
   15.65      0.9060E-02
   15.70      0.6701E-02
   15.75      0.4562E-02
   15.80      0.2857E-02
   15.85      0.1739E-02
   15.90      0.1282E-02
   15.95      0.1477E-02
   16.00      0.2238E-02
   16.05      0.3415E-02
   16.10      0.4815E-02
   16.15      0.6229E-02
   16.20      0.7456E-02
   16.25      0.8334E-02
   16.30      0.8749E-02
   16.35      0.8658E-02
   16.40      0.8083E-02
   16.45      0.7112E-02
   16.50      0.5881E-02
   16.55      0.4561E-02
   16.60      0.3325E-02
   16.65      0.2337E-02
   16.70      0.1723E-02
   16.75      0.1557E-02
   16.80      0.1854E-02
   16.85      0.2569E-02
   16.90      0.3601E-02
   16.95      0.4810E-02
   17.00      0.6033E-02
   17.05      0.7106E-02
   17.10      0.7886E-02
   17.15      0.8267E-02
   17.20      0.8195E-02
   17.25      0.7674E-02
   17.30      0.6766E-02
   17.35      0.5580E-02
   17.40      0.4264E-02
   17.45      0.2979E-02
   17.50      0.1886E-02
   17.55      0.1122E-02
   17.60      0.7819E-03
   17.65      0.9110E-03
   17.70      0.1496E-02
   17.75      0.2470E-02
   17.80      0.3715E-02
   17.85      0.5083E-02
   17.90      0.6410E-02
   17.95      0.7536E-02
   18.00      0.8327E-02
   18.05      0.8686E-02
   18.10      0.8569E-02
   18.15      0.7987E-02
   18.20      0.7008E-02
   18.25      0.5742E-02
   18.30      0.4335E-02
   18.35      0.2945E-02
   18.40      0.1729E-02
   18.45      0.8206E-03
   18.50      0.3145E-03
   18.55      0.2583E-03
   18.60      0.6460E-03
   18.65      0.1420E-02
   18.70      0.2477E-02
   18.75      0.3685E-02
   18.80      0.4894E-02
   18.85      0.5958E-02
   18.90      0.6752E-02
   18.95      0.7184E-02
   19.00      0.7206E-02
   19.05      0.6820E-02
   19.10      0.6076E-02
   19.15      0.5066E-02
   19.20      0.3911E-02
   19.25      0.2746E-02
   19.30      0.1704E-02
   19.35      0.9010E-03
   19.40      0.4216E-03
   19.45      0.3096E-03
   19.50      0.5641E-03
   19.55      0.1140E-02
   19.60      0.1956E-02
   19.65      0.2902E-02
   19.70      0.3856E-02
   19.75      0.4699E-02
   19.80      0.5327E-02
   19.85      0.5665E-02
   19.90      0.5675E-02
   19.95      0.5359E-02
   20.00      0.4760E-02
 END
