# 401 angles,  1 tensor ranks for 0=projectile
@subtitle   "CDCC 8B+208Pb ; N+C q=0,1,2"                                                   
@legend ON
@legend x1 0.2
@legend y1 0.8
@g0 type LOGY
@yaxis ticklabel format power
@legend string   0 "Lab energy =  656.0000"
#legend string   0 "Partition=  1 Excit=  8 near/far= 1"
#  Theta       sigma       iT11        T20         T21         T22         Kyy for projectile
   0.000       46.45    
  0.5000E-01   47.20    
  0.1000       49.38    
  0.1500       52.83    
  0.2000       57.29    
  0.2500       62.43    
  0.3000       67.88    
  0.3500       73.21    
  0.4000       78.05    
  0.4500       82.03    
  0.5000       84.88    
  0.5500       86.36    
  0.6000       86.38    
  0.6500       84.91    
  0.7000       82.03    
  0.7500       77.90    
  0.8000       72.75    
  0.8500       66.86    
  0.9000       60.54    
  0.9500       54.09    
   1.000       47.80    
   1.050       41.93    
   1.100       36.69    
   1.150       32.23    
   1.200       28.63    
   1.250       25.93    
   1.300       24.12    
   1.350       23.15    
   1.400       22.91    
   1.450       23.31    
   1.500       24.24    
   1.550       25.56    
   1.600       27.18    
   1.650       29.00    
   1.700       30.90    
   1.750       32.83    
   1.800       34.68    
   1.850       36.40    
   1.900       37.91    
   1.950       39.14    
   2.000       40.01    
   2.050       40.48    
   2.100       40.48    
   2.150       39.98    
   2.200       38.96    
   2.250       37.44    
   2.300       35.46    
   2.350       33.10    
   2.400       30.48    
   2.450       27.73    
   2.500       25.02    
   2.550       22.53    
   2.600       20.42    
   2.650       18.86    
   2.700       17.96    
   2.750       17.82    
   2.800       18.45    
   2.850       19.82    
   2.900       21.84    
   2.950       24.37    
   3.000       27.21    
   3.050       30.14    
   3.100       32.92    
   3.150       35.31    
   3.200       37.13    
   3.250       38.19    
   3.300       38.41    
   3.350       37.74    
   3.400       36.24    
   3.450       33.99    
   3.500       31.18    
   3.550       28.03    
   3.600       24.77    
   3.650       21.67    
   3.700       18.95    
   3.750       16.84    
   3.800       15.47    
   3.850       14.93    
   3.900       15.24    
   3.950       16.32    
   4.000       18.05    
   4.050       20.23    
   4.100       22.65    
   4.150       25.07    
   4.200       27.23    
   4.250       28.93    
   4.300       30.00    
   4.350       30.33    
   4.400       29.87    
   4.450       28.64    
   4.500       26.75    
   4.550       24.35    
   4.600       21.62    
   4.650       18.79    
   4.700       16.09    
   4.750       13.72    
   4.800       11.85    
   4.850       10.63    
   4.900       10.12    
   4.950       10.32    
   5.000       11.18    
   5.050       12.59    
   5.100       14.40    
   5.150       16.42    
   5.200       18.46    
   5.250       20.31    
   5.300       21.82    
   5.350       22.84    
   5.400       23.28    
   5.450       23.10    
   5.500       22.31    
   5.550       20.98    
   5.600       19.20    
   5.650       17.12    
   5.700       14.89    
   5.750       12.66    
   5.800       10.59    
   5.850       8.805    
   5.900       7.410    
   5.950       6.469    
   6.000       6.008    
   6.050       6.016    
   6.100       6.445    
   6.150       7.221    
   6.200       8.247    
   6.250       9.416    
   6.300       10.62    
   6.350       11.76    
   6.400       12.73    
   6.450       13.48    
   6.500       13.95    
   6.550       14.13    
   6.600       13.99    
   6.650       13.58    
   6.700       12.91    
   6.750       12.04    
   6.800       11.03    
   6.850       9.921    
   6.900       8.785    
   6.950       7.670    
   7.000       6.623    
   7.050       5.683    
   7.100       4.881    
   7.150       4.238    
   7.200       3.766    
   7.250       3.471    
   7.300       3.352    
   7.350       3.400    
   7.400       3.600    
   7.450       3.933    
   7.500       4.373    
   7.550       4.891    
   7.600       5.453    
   7.650       6.022    
   7.700       6.561    
   7.750       7.032    
   7.800       7.399    
   7.850       7.632    
   7.900       7.708    
   7.950       7.610    
   8.000       7.335    
   8.050       6.891    
   8.100       6.296    
   8.150       5.580    
   8.200       4.784    
   8.250       3.954    
   8.300       3.140    
   8.350       2.392    
   8.400       1.756    
   8.450       1.271    
   8.500      0.9652    
   8.550      0.8520    
   8.600      0.9319    
   8.650       1.190    
   8.700       1.599    
   8.750       2.120    
   8.800       2.705    
   8.850       3.302    
   8.900       3.861    
   8.950       4.335    
   9.000       4.683    
   9.050       4.879    
   9.100       4.906    
   9.150       4.763    
   9.200       4.463    
   9.250       4.030    
   9.300       3.497    
   9.350       2.905    
   9.400       2.298    
   9.450       1.717    
   9.500       1.200    
   9.550      0.7792    
   9.600      0.4746    
   9.650      0.2973    
   9.700      0.2469    
   9.750      0.3129    
   9.800      0.4762    
   9.850      0.7113    
   9.900      0.9886    
   9.950       1.278    
   10.00       1.550    
   10.05       1.779    
   10.10       1.948    
   10.15       2.042    
   10.20       2.057    
   10.25       1.995    
   10.30       1.864    
   10.35       1.677    
   10.40       1.450    
   10.45       1.202    
   10.50      0.9500    
   10.55      0.7111    
   10.60      0.4986    
   10.65      0.3227    
   10.70      0.1895    
   10.75      0.1011    
   10.80      0.5626E-01
   10.85      0.5063E-01
   10.90      0.7774E-01
   10.95      0.1298    
   11.00      0.1986    
   11.05      0.2760    
   11.10      0.3549    
   11.15      0.4290    
   11.20      0.4938    
   11.25      0.5458    
   11.30      0.5829    
   11.35      0.6043    
   11.40      0.6098    
   11.45      0.6000    
   11.50      0.5761    
   11.55      0.5397    
   11.60      0.4926    
   11.65      0.4372    
   11.70      0.3759    
   11.75      0.3117    
   11.80      0.2478    
   11.85      0.1877    
   11.90      0.1349    
   11.95      0.9262E-01
   12.00      0.6389E-01
   12.05      0.5095E-01
   12.10      0.5509E-01
   12.15      0.7644E-01
   12.20      0.1138    
   12.25      0.1647    
   12.30      0.2254    
   12.35      0.2913    
   12.40      0.3569    
   12.45      0.4168    
   12.50      0.4658    
   12.55      0.4995    
   12.60      0.5148    
   12.65      0.5101    
   12.70      0.4856    
   12.75      0.4432    
   12.80      0.3864    
   12.85      0.3202    
   12.90      0.2502    
   12.95      0.1825    
   13.00      0.1229    
   13.05      0.7643E-01
   13.10      0.4672E-01
   13.15      0.3589E-01
   13.20      0.4421E-01
   13.25      0.7015E-01
   13.30      0.1106    
   13.35      0.1610    
   13.40      0.2160    
   13.45      0.2702    
   13.50      0.3181    
   13.55      0.3551    
   13.60      0.3777    
   13.65      0.3840    
   13.70      0.3737    
   13.75      0.3480    
   13.80      0.3094    
   13.85      0.2617    
   13.90      0.2093    
   13.95      0.1567    
   14.00      0.1083    
   14.05      0.6776E-01
   14.10      0.3777E-01
   14.15      0.1986E-01
   14.20      0.1432E-01
   14.25      0.2023E-01
   14.30      0.3569E-01
   14.35      0.5803E-01
   14.40      0.8418E-01
   14.45      0.1110    
   14.50      0.1356    
   14.55      0.1556    
   14.60      0.1693    
   14.65      0.1760    
   14.70      0.1755    
   14.75      0.1686    
   14.80      0.1566    
   14.85      0.1410    
   14.90      0.1237    
   14.95      0.1063    
   15.00      0.9017E-01
   15.05      0.7646E-01
   15.10      0.6570E-01
   15.15      0.5803E-01
   15.20      0.5321E-01
   15.25      0.5070E-01
   15.30      0.4983E-01
   15.35      0.4991E-01
   15.40      0.5037E-01
   15.45      0.5083E-01
   15.50      0.5117E-01
   15.55      0.5150E-01
   15.60      0.5216E-01
   15.65      0.5359E-01
   15.70      0.5624E-01
   15.75      0.6050E-01
   15.80      0.6652E-01
   15.85      0.7421E-01
   15.90      0.8319E-01
   15.95      0.9280E-01
   16.00      0.1021    
   16.05      0.1102    
   16.10      0.1160    
   16.15      0.1186    
   16.20      0.1175    
   16.25      0.1125    
   16.30      0.1035    
   16.35      0.9145E-01
   16.40      0.7716E-01
   16.45      0.6201E-01
   16.50      0.4746E-01
   16.55      0.3500E-01
   16.60      0.2595E-01
   16.65      0.2134E-01
   16.70      0.2174E-01
   16.75      0.2722E-01
   16.80      0.3731E-01
   16.85      0.5105E-01
   16.90      0.6706E-01
   16.95      0.8374E-01
   17.00      0.9934E-01
   17.05      0.1123    
   17.10      0.1211    
   17.15      0.1250    
   17.20      0.1234    
   17.25      0.1166    
   17.30      0.1050    
   17.35      0.8999E-01
   17.40      0.7290E-01
   17.45      0.5543E-01
   17.50      0.3921E-01
   17.55      0.2575E-01
   17.60      0.1621E-01
   17.65      0.1129E-01
   17.70      0.1122E-01
   17.75      0.1570E-01
   17.80      0.2397E-01
   17.85      0.3490E-01
   17.90      0.4712E-01
   17.95      0.5920E-01
   18.00      0.6977E-01
   18.05      0.7772E-01
   18.10      0.8225E-01
   18.15      0.8299E-01
   18.20      0.7999E-01
   18.25      0.7373E-01
   18.30      0.6500E-01
   18.35      0.5484E-01
   18.40      0.4437E-01
   18.45      0.3469E-01
   18.50      0.2673E-01
   18.55      0.2119E-01
   18.60      0.1842E-01
   18.65      0.1843E-01
   18.70      0.2091E-01
   18.75      0.2529E-01
   18.80      0.3080E-01
   18.85      0.3659E-01
   18.90      0.4185E-01
   18.95      0.4589E-01
   19.00      0.4823E-01
   19.05      0.4864E-01
   19.10      0.4717E-01
   19.15      0.4413E-01
   19.20      0.4000E-01
   19.25      0.3541E-01
   19.30      0.3102E-01
   19.35      0.2744E-01
   19.40      0.2512E-01
   19.45      0.2435E-01
   19.50      0.2517E-01
   19.55      0.2742E-01
   19.60      0.3070E-01
   19.65      0.3449E-01
   19.70      0.3820E-01
   19.75      0.4124E-01
   19.80      0.4311E-01
   19.85      0.4345E-01
   19.90      0.4215E-01
   19.95      0.3928E-01
   20.00      0.3514E-01
 END
