# 401 angles,  1 tensor ranks for 0=projectile
@subtitle   "CDCC 8B+208Pb ; N+C q=0,1,2"                                                   
@legend ON
@legend x1 0.2
@legend y1 0.8
@g0 type LOGY
@yaxis ticklabel format power
@legend string   0 "Lab energy =  656.0000"
#legend string   0 "Partition=  1 Excit=  2 near/far= 1"
#  Theta       sigma       iT11        T20         T21         T22         Kyy for projectile
   0.000      0.1061E-04
  0.5000E-01  0.1060E-04
  0.1000      0.1056E-04
  0.1500      0.1049E-04
  0.2000      0.1038E-04
  0.2500      0.1023E-04
  0.3000      0.1002E-04
  0.3500      0.9740E-05
  0.4000      0.9390E-05
  0.4500      0.8964E-05
  0.5000      0.8464E-05
  0.5500      0.7896E-05
  0.6000      0.7270E-05
  0.6500      0.6603E-05
  0.7000      0.5912E-05
  0.7500      0.5219E-05
  0.8000      0.4544E-05
  0.8500      0.3909E-05
  0.9000      0.3333E-05
  0.9500      0.2830E-05
   1.000      0.2410E-05
   1.050      0.2080E-05
   1.100      0.1840E-05
   1.150      0.1684E-05
   1.200      0.1603E-05
   1.250      0.1586E-05
   1.300      0.1618E-05
   1.350      0.1684E-05
   1.400      0.1770E-05
   1.450      0.1862E-05
   1.500      0.1951E-05
   1.550      0.2029E-05
   1.600      0.2091E-05
   1.650      0.2135E-05
   1.700      0.2162E-05
   1.750      0.2175E-05
   1.800      0.2175E-05
   1.850      0.2166E-05
   1.900      0.2150E-05
   1.950      0.2127E-05
   2.000      0.2098E-05
   2.050      0.2061E-05
   2.100      0.2013E-05
   2.150      0.1950E-05
   2.200      0.1870E-05
   2.250      0.1772E-05
   2.300      0.1655E-05
   2.350      0.1523E-05
   2.400      0.1380E-05
   2.450      0.1235E-05
   2.500      0.1098E-05
   2.550      0.9807E-06
   2.600      0.8961E-06
   2.650      0.8564E-06
   2.700      0.8722E-06
   2.750      0.9509E-06
   2.800      0.1096E-05
   2.850      0.1307E-05
   2.900      0.1578E-05
   2.950      0.1897E-05
   3.000      0.2249E-05
   3.050      0.2616E-05
   3.100      0.2975E-05
   3.150      0.3305E-05
   3.200      0.3587E-05
   3.250      0.3801E-05
   3.300      0.3935E-05
   3.350      0.3980E-05
   3.400      0.3935E-05
   3.450      0.3803E-05
   3.500      0.3596E-05
   3.550      0.3328E-05
   3.600      0.3020E-05
   3.650      0.2695E-05
   3.700      0.2375E-05
   3.750      0.2083E-05
   3.800      0.1839E-05
   3.850      0.1659E-05
   3.900      0.1555E-05
   3.950      0.1530E-05
   4.000      0.1586E-05
   4.050      0.1716E-05
   4.100      0.1909E-05
   4.150      0.2150E-05
   4.200      0.2423E-05
   4.250      0.2709E-05
   4.300      0.2991E-05
   4.350      0.3251E-05
   4.400      0.3475E-05
   4.450      0.3653E-05
   4.500      0.3778E-05
   4.550      0.3847E-05
   4.600      0.3858E-05
   4.650      0.3816E-05
   4.700      0.3726E-05
   4.750      0.3595E-05
   4.800      0.3432E-05
   4.850      0.3246E-05
   4.900      0.3044E-05
   4.950      0.2835E-05
   5.000      0.2626E-05
   5.050      0.2422E-05
   5.100      0.2229E-05
   5.150      0.2051E-05
   5.200      0.1892E-05
   5.250      0.1754E-05
   5.300      0.1641E-05
   5.350      0.1555E-05
   5.400      0.1498E-05
   5.450      0.1472E-05
   5.500      0.1476E-05
   5.550      0.1511E-05
   5.600      0.1574E-05
   5.650      0.1661E-05
   5.700      0.1768E-05
   5.750      0.1888E-05
   5.800      0.2011E-05
   5.850      0.2130E-05
   5.900      0.2234E-05
   5.950      0.2314E-05
   6.000      0.2361E-05
   6.050      0.2369E-05
   6.100      0.2331E-05
   6.150      0.2247E-05
   6.200      0.2118E-05
   6.250      0.1947E-05
   6.300      0.1742E-05
   6.350      0.1511E-05
   6.400      0.1268E-05
   6.450      0.1023E-05
   6.500      0.7909E-06
   6.550      0.5819E-06
   6.600      0.4067E-06
   6.650      0.2730E-06
   6.700      0.1856E-06
   6.750      0.1460E-06
   6.800      0.1521E-06
   6.850      0.1990E-06
   6.900      0.2789E-06
   6.950      0.3821E-06
   7.000      0.4979E-06
   7.050      0.6149E-06
   7.100      0.7228E-06
   7.150      0.8123E-06
   7.200      0.8762E-06
   7.250      0.9100E-06
   7.300      0.9116E-06
   7.350      0.8818E-06
   7.400      0.8237E-06
   7.450      0.7425E-06
   7.500      0.6448E-06
   7.550      0.5380E-06
   7.600      0.4298E-06
   7.650      0.3271E-06
   7.700      0.2360E-06
   7.750      0.1610E-06
   7.800      0.1050E-06
   7.850      0.6902E-07
   7.900      0.5242E-07
   7.950      0.5311E-07
   8.000      0.6784E-07
   8.050      0.9263E-07
   8.100      0.1232E-06
   8.150      0.1553E-06
   8.200      0.1853E-06
   8.250      0.2100E-06
   8.300      0.2275E-06
   8.350      0.2365E-06
   8.400      0.2367E-06
   8.450      0.2289E-06
   8.500      0.2142E-06
   8.550      0.1943E-06
   8.600      0.1711E-06
   8.650      0.1464E-06
   8.700      0.1219E-06
   8.750      0.9906E-07
   8.800      0.7883E-07
   8.850      0.6185E-07
   8.900      0.4839E-07
   8.950      0.3843E-07
   9.000      0.3174E-07
   9.050      0.2797E-07
   9.100      0.2677E-07
   9.150      0.2780E-07
   9.200      0.3079E-07
   9.250      0.3554E-07
   9.300      0.4193E-07
   9.350      0.4984E-07
   9.400      0.5911E-07
   9.450      0.6951E-07
   9.500      0.8070E-07
   9.550      0.9218E-07
   9.600      0.1033E-06
   9.650      0.1134E-06
   9.700      0.1218E-06
   9.750      0.1275E-06
   9.800      0.1301E-06
   9.850      0.1291E-06
   9.900      0.1244E-06
   9.950      0.1160E-06
   10.00      0.1044E-06
   10.05      0.9030E-07
   10.10      0.7480E-07
   10.15      0.5900E-07
   10.20      0.4414E-07
   10.25      0.3139E-07
   10.30      0.2177E-07
   10.35      0.1603E-07
   10.40      0.1459E-07
   10.45      0.1750E-07
   10.50      0.2440E-07
   10.55      0.3460E-07
   10.60      0.4712E-07
   10.65      0.6077E-07
   10.70      0.7432E-07
   10.75      0.8654E-07
   10.80      0.9639E-07
   10.85      0.1031E-06
   10.90      0.1060E-06
   10.95      0.1052E-06
   11.00      0.1008E-06
   11.05      0.9335E-07
   11.10      0.8360E-07
   11.15      0.7252E-07
   11.20      0.6110E-07
   11.25      0.5030E-07
   11.30      0.4096E-07
   11.35      0.3367E-07
   11.40      0.2881E-07
   11.45      0.2645E-07
   11.50      0.2641E-07
   11.55      0.2829E-07
   11.60      0.3150E-07
   11.65      0.3539E-07
   11.70      0.3927E-07
   11.75      0.4252E-07
   11.80      0.4464E-07
   11.85      0.4533E-07
   11.90      0.4445E-07
   11.95      0.4206E-07
   12.00      0.3842E-07
   12.05      0.3389E-07
   12.10      0.2893E-07
   12.15      0.2402E-07
   12.20      0.1959E-07
   12.25      0.1601E-07
   12.30      0.1352E-07
   12.35      0.1222E-07
   12.40      0.1208E-07
   12.45      0.1292E-07
   12.50      0.1451E-07
   12.55      0.1652E-07
   12.60      0.1862E-07
   12.65      0.2052E-07
   12.70      0.2197E-07
   12.75      0.2283E-07
   12.80      0.2304E-07
   12.85      0.2264E-07
   12.90      0.2177E-07
   12.95      0.2060E-07
   13.00      0.1935E-07
   13.05      0.1823E-07
   13.10      0.1743E-07
   13.15      0.1705E-07
   13.20      0.1714E-07
   13.25      0.1767E-07
   13.30      0.1853E-07
   13.35      0.1957E-07
   13.40      0.2059E-07
   13.45      0.2141E-07
   13.50      0.2185E-07
   13.55      0.2180E-07
   13.60      0.2121E-07
   13.65      0.2009E-07
   13.70      0.1854E-07
   13.75      0.1672E-07
   13.80      0.1482E-07
   13.85      0.1305E-07
   13.90      0.1162E-07
   13.95      0.1069E-07
   14.00      0.1036E-07
   14.05      0.1065E-07
   14.10      0.1152E-07
   14.15      0.1282E-07
   14.20      0.1439E-07
   14.25      0.1599E-07
   14.30      0.1738E-07
   14.35      0.1835E-07
   14.40      0.1872E-07
   14.45      0.1840E-07
   14.50      0.1736E-07
   14.55      0.1566E-07
   14.60      0.1345E-07
   14.65      0.1094E-07
   14.70      0.8378E-08
   14.75      0.6028E-08
   14.80      0.4139E-08
   14.85      0.2914E-08
   14.90      0.2488E-08
   14.95      0.2913E-08
   15.00      0.4149E-08
   15.05      0.6073E-08
   15.10      0.8487E-08
   15.15      0.1114E-07
   15.20      0.1377E-07
   15.25      0.1610E-07
   15.30      0.1789E-07
   15.35      0.1898E-07
   15.40      0.1926E-07
   15.45      0.1872E-07
   15.50      0.1742E-07
   15.55      0.1550E-07
   15.60      0.1316E-07
   15.65      0.1062E-07
   15.70      0.8131E-08
   15.75      0.5904E-08
   15.80      0.4118E-08
   15.85      0.2891E-08
   15.90      0.2275E-08
   15.95      0.2251E-08
   16.00      0.2737E-08
   16.05      0.3598E-08
   16.10      0.4672E-08
   16.15      0.5783E-08
   16.20      0.6766E-08
   16.25      0.7486E-08
   16.30      0.7855E-08
   16.35      0.7835E-08
   16.40      0.7443E-08
   16.45      0.6745E-08
   16.50      0.5847E-08
   16.55      0.4877E-08
   16.60      0.3968E-08
   16.65      0.3239E-08
   16.70      0.2786E-08
   16.75      0.2661E-08
   16.80      0.2874E-08
   16.85      0.3389E-08
   16.90      0.4131E-08
   16.95      0.4994E-08
   17.00      0.5862E-08
   17.05      0.6615E-08
   17.10      0.7152E-08
   17.15      0.7401E-08
   17.20      0.7328E-08
   17.25      0.6941E-08
   17.30      0.6290E-08
   17.35      0.5457E-08
   17.40      0.4550E-08
   17.45      0.3686E-08
   17.50      0.2976E-08
   17.55      0.2513E-08
   17.60      0.2358E-08
   17.65      0.2536E-08
   17.70      0.3028E-08
   17.75      0.3777E-08
   17.80      0.4695E-08
   17.85      0.5671E-08
   17.90      0.6588E-08
   17.95      0.7334E-08
   18.00      0.7820E-08
   18.05      0.7985E-08
   18.10      0.7807E-08
   18.15      0.7306E-08
   18.20      0.6538E-08
   18.25      0.5591E-08
   18.30      0.4572E-08
   18.35      0.3596E-08
   18.40      0.2771E-08
   18.45      0.2187E-08
   18.50      0.1901E-08
   18.55      0.1937E-08
   18.60      0.2279E-08
   18.65      0.2875E-08
   18.70      0.3643E-08
   18.75      0.4484E-08
   18.80      0.5289E-08
   18.85      0.5959E-08
   18.90      0.6409E-08
   18.95      0.6586E-08
   19.00      0.6469E-08
   19.05      0.6074E-08
   19.10      0.5450E-08
   19.15      0.4674E-08
   19.20      0.3841E-08
   19.25      0.3051E-08
   19.30      0.2398E-08
   19.35      0.1960E-08
   19.40      0.1788E-08
   19.45      0.1898E-08
   19.50      0.2275E-08
   19.55      0.2870E-08
   19.60      0.3609E-08
   19.65      0.4401E-08
   19.70      0.5149E-08
   19.75      0.5761E-08
   19.80      0.6163E-08
   19.85      0.6305E-08
   19.90      0.6166E-08
   19.95      0.5760E-08
   20.00      0.5130E-08
 END
