# 401 angles,  1 tensor ranks for 0=projectile
@subtitle   "CDCC 8B+208Pb ; N+C q=0,1,2"                                                   
@legend ON
@legend x1 0.2
@legend y1 0.8
@g0 type LOGY
@yaxis ticklabel format power
@legend string   0 "Lab energy =  656.0000"
#legend string   0 "Partition=  1 Excit= 10 near/far= 1"
#  Theta       sigma       iT11        T20         T21         T22         Kyy for projectile
   0.000       79.69    
  0.5000E-01   79.13    
  0.1000       77.50    
  0.1500       74.91    
  0.2000       71.56    
  0.2500       67.72    
  0.3000       63.66    
  0.3500       59.68    
  0.4000       56.06    
  0.4500       53.04    
  0.5000       50.78    
  0.5500       49.40    
  0.6000       48.91    
  0.6500       49.23    
  0.7000       50.20    
  0.7500       51.62    
  0.8000       53.21    
  0.8500       54.67    
  0.9000       55.72    
  0.9500       56.10    
   1.000       55.58    
   1.050       54.03    
   1.100       51.40    
   1.150       47.72    
   1.200       43.14    
   1.250       37.87    
   1.300       32.19    
   1.350       26.45    
   1.400       21.01    
   1.450       16.20    
   1.500       12.35    
   1.550       9.715    
   1.600       8.454    
   1.650       8.647    
   1.700       10.26    
   1.750       13.16    
   1.800       17.12    
   1.850       21.83    
   1.900       26.93    
   1.950       32.03    
   2.000       36.75    
   2.050       40.72    
   2.100       43.65    
   2.150       45.34    
   2.200       45.64    
   2.250       44.57    
   2.300       42.20    
   2.350       38.72    
   2.400       34.40    
   2.450       29.56    
   2.500       24.58    
   2.550       19.81    
   2.600       15.59    
   2.650       12.21    
   2.700       9.893    
   2.750       8.773    
   2.800       8.886    
   2.850       10.17    
   2.900       12.49    
   2.950       15.62    
   3.000       19.27    
   3.050       23.15    
   3.100       26.93    
   3.150       30.33    
   3.200       33.07    
   3.250       34.97    
   3.300       35.90    
   3.350       35.81    
   3.400       34.74    
   3.450       32.80    
   3.500       30.16    
   3.550       27.05    
   3.600       23.70    
   3.650       20.38    
   3.700       17.31    
   3.750       14.72    
   3.800       12.75    
   3.850       11.52    
   3.900       11.05    
   3.950       11.34    
   4.000       12.29    
   4.050       13.77    
   4.100       15.63    
   4.150       17.68    
   4.200       19.72    
   4.250       21.58    
   4.300       23.10    
   4.350       24.16    
   4.400       24.70    
   4.450       24.67    
   4.500       24.10    
   4.550       23.04    
   4.600       21.58    
   4.650       19.85    
   4.700       17.97    
   4.750       16.08    
   4.800       14.31    
   4.850       12.76    
   4.900       11.53    
   4.950       10.67    
   5.000       10.21    
   5.050       10.14    
   5.100       10.43    
   5.150       11.03    
   5.200       11.87    
   5.250       12.85    
   5.300       13.89    
   5.350       14.90    
   5.400       15.80    
   5.450       16.53    
   5.500       17.03    
   5.550       17.27    
   5.600       17.23    
   5.650       16.92    
   5.700       16.36    
   5.750       15.57    
   5.800       14.60    
   5.850       13.50    
   5.900       12.32    
   5.950       11.12    
   6.000       9.958    
   6.050       8.882    
   6.100       7.938    
   6.150       7.165    
   6.200       6.590    
   6.250       6.232    
   6.300       6.098    
   6.350       6.183    
   6.400       6.470    
   6.450       6.931    
   6.500       7.529    
   6.550       8.217    
   6.600       8.944    
   6.650       9.655    
   6.700       10.29    
   6.750       10.81    
   6.800       11.16    
   6.850       11.30    
   6.900       11.22    
   6.950       10.91    
   7.000       10.36    
   7.050       9.619    
   7.100       8.708    
   7.150       7.682    
   7.200       6.599    
   7.250       5.523    
   7.300       4.517    
   7.350       3.641    
   7.400       2.945    
   7.450       2.469    
   7.500       2.234    
   7.550       2.246    
   7.600       2.492    
   7.650       2.942    
   7.700       3.553    
   7.750       4.268    
   7.800       5.026    
   7.850       5.763    
   7.900       6.415    
   7.950       6.931    
   8.000       7.266    
   8.050       7.394    
   8.100       7.303    
   8.150       6.998    
   8.200       6.501    
   8.250       5.848    
   8.300       5.084    
   8.350       4.263    
   8.400       3.439    
   8.450       2.666    
   8.500       1.991    
   8.550       1.452    
   8.600       1.074    
   8.650      0.8691    
   8.700      0.8356    
   8.750      0.9591    
   8.800       1.214    
   8.850       1.566    
   8.900       1.976    
   8.950       2.402    
   9.000       2.805    
   9.050       3.150    
   9.100       3.409    
   9.150       3.561    
   9.200       3.598    
   9.250       3.518    
   9.300       3.331    
   9.350       3.054    
   9.400       2.707    
   9.450       2.317    
   9.500       1.910    
   9.550       1.513    
   9.600       1.148    
   9.650      0.8338    
   9.700      0.5840    
   9.750      0.4062    
   9.800      0.3019    
   9.850      0.2677    
   9.900      0.2955    
   9.950      0.3738    
   10.00      0.4891    
   10.05      0.6267    
   10.10      0.7722    
   10.15      0.9124    
   10.20       1.036    
   10.25       1.134    
   10.30       1.201    
   10.35       1.233    
   10.40       1.230    
   10.45       1.193    
   10.50       1.125    
   10.55       1.032    
   10.60      0.9204    
   10.65      0.7959    
   10.70      0.6659    
   10.75      0.5371    
   10.80      0.4158    
   10.85      0.3076    
   10.90      0.2172    
   10.95      0.1482    
   11.00      0.1030    
   11.05      0.8254E-01
   11.10      0.8654E-01
   11.15      0.1132    
   11.20      0.1597    
   11.25      0.2216    
   11.30      0.2940    
   11.35      0.3711    
   11.40      0.4470    
   11.45      0.5157    
   11.50      0.5720    
   11.55      0.6115    
   11.60      0.6311    
   11.65      0.6292    
   11.70      0.6059    
   11.75      0.5629    
   11.80      0.5038    
   11.85      0.4330    
   11.90      0.3562    
   11.95      0.2793    
   12.00      0.2084    
   12.05      0.1488    
   12.10      0.1049    
   12.15      0.7963E-01
   12.20      0.7438E-01
   12.25      0.8870E-01
   12.30      0.1205    
   12.35      0.1662    
   12.40      0.2211    
   12.45      0.2798    
   12.50      0.3367    
   12.55      0.3866    
   12.60      0.4248    
   12.65      0.4482    
   12.70      0.4547    
   12.75      0.4441    
   12.80      0.4175    
   12.85      0.3775    
   12.90      0.3277    
   12.95      0.2725    
   13.00      0.2164    
   13.05      0.1640    
   13.10      0.1191    
   13.15      0.8487E-01
   13.20      0.6312E-01
   13.25      0.5458E-01
   13.30      0.5870E-01
   13.35      0.7383E-01
   13.40      0.9747E-01
   13.45      0.1265    
   13.50      0.1575    
   13.55      0.1872    
   13.60      0.2125    
   13.65      0.2313    
   13.70      0.2419    
   13.75      0.2435    
   13.80      0.2364    
   13.85      0.2214    
   13.90      0.2002    
   13.95      0.1745    
   14.00      0.1467    
   14.05      0.1187    
   14.10      0.9265E-01
   14.15      0.7003E-01
   14.20      0.5199E-01
   14.25      0.3917E-01
   14.30      0.3175E-01
   14.35      0.2943E-01
   14.40      0.3162E-01
   14.45      0.3746E-01
   14.50      0.4598E-01
   14.55      0.5621E-01
   14.60      0.6720E-01
   14.65      0.7818E-01
   14.70      0.8848E-01
   14.75      0.9764E-01
   14.80      0.1053    
   14.85      0.1113    
   14.90      0.1155    
   14.95      0.1177    
   15.00      0.1181    
   15.05      0.1165    
   15.10      0.1130    
   15.15      0.1077    
   15.20      0.1007    
   15.25      0.9225E-01
   15.30      0.8279E-01
   15.35      0.7276E-01
   15.40      0.6278E-01
   15.45      0.5353E-01
   15.50      0.4571E-01
   15.55      0.4003E-01
   15.60      0.3706E-01
   15.65      0.3723E-01
   15.70      0.4073E-01
   15.75      0.4746E-01
   15.80      0.5706E-01
   15.85      0.6885E-01
   15.90      0.8195E-01
   15.95      0.9529E-01
   16.00      0.1077    
   16.05      0.1181    
   16.10      0.1256    
   16.15      0.1293    
   16.20      0.1289    
   16.25      0.1243    
   16.30      0.1158    
   16.35      0.1042    
   16.40      0.9049E-01
   16.45      0.7577E-01
   16.50      0.6136E-01
   16.55      0.4851E-01
   16.60      0.3829E-01
   16.65      0.3154E-01
   16.70      0.2874E-01
   16.75      0.2998E-01
   16.80      0.3496E-01
   16.85      0.4303E-01
   16.90      0.5325E-01
   16.95      0.6451E-01
   17.00      0.7559E-01
   17.05      0.8534E-01
   17.10      0.9280E-01
   17.15      0.9721E-01
   17.20      0.9818E-01
   17.25      0.9564E-01
   17.30      0.8988E-01
   17.35      0.8148E-01
   17.40      0.7127E-01
   17.45      0.6021E-01
   17.50      0.4928E-01
   17.55      0.3940E-01
   17.60      0.3136E-01
   17.65      0.2569E-01
   17.70      0.2266E-01
   17.75      0.2226E-01
   17.80      0.2423E-01
   17.85      0.2808E-01
   17.90      0.3318E-01
   17.95      0.3883E-01
   18.00      0.4432E-01
   18.05      0.4904E-01
   18.10      0.5252E-01
   18.15      0.5448E-01
   18.20      0.5481E-01
   18.25      0.5362E-01
   18.30      0.5117E-01
   18.35      0.4784E-01
   18.40      0.4405E-01
   18.45      0.4025E-01
   18.50      0.3682E-01
   18.55      0.3405E-01
   18.60      0.3211E-01
   18.65      0.3103E-01
   18.70      0.3073E-01
   18.75      0.3103E-01
   18.80      0.3167E-01
   18.85      0.3241E-01
   18.90      0.3299E-01
   18.95      0.3322E-01
   19.00      0.3301E-01
   19.05      0.3235E-01
   19.10      0.3133E-01
   19.15      0.3011E-01
   19.20      0.2893E-01
   19.25      0.2800E-01
   19.30      0.2753E-01
   19.35      0.2769E-01
   19.40      0.2854E-01
   19.45      0.3005E-01
   19.50      0.3208E-01
   19.55      0.3443E-01
   19.60      0.3681E-01
   19.65      0.3892E-01
   19.70      0.4046E-01
   19.75      0.4118E-01
   19.80      0.4093E-01
   19.85      0.3967E-01
   19.90      0.3745E-01
   19.95      0.3448E-01
   20.00      0.3104E-01
 END
