# 401 angles,  1 tensor ranks for 0=projectile
@subtitle   "CDCC 8B+208Pb ; N+C q=0,1,2"                                                   
@legend ON
@legend x1 0.2
@legend y1 0.8
@g0 type LOGY
@yaxis ticklabel format power
@legend string   0 "Lab energy =  656.0000"
#legend string   0 "Partition=  1 Excit=  1 near/far= 1"
#  Theta       sigma       iT11        T20         T21         T22         Kyy for projectile
  0.1000E-01   1.000    
  0.5000E-01   1.000    
  0.1000      0.9994    
  0.1500      0.9989    
  0.2000       1.002    
  0.2500      0.9971    
  0.3000       1.004    
  0.3500      0.9972    
  0.4000      0.9950    
  0.4500       1.007    
  0.5000       1.007    
  0.5500      0.9942    
  0.6000      0.9880    
  0.6500      0.9961    
  0.7000       1.008    
  0.7500       1.013    
  0.8000       1.009    
  0.8500       1.001    
  0.9000      0.9936    
  0.9500      0.9899    
   1.000      0.9883    
   1.050      0.9874    
   1.100      0.9874    
   1.150      0.9901    
   1.200      0.9975    
   1.250       1.010    
   1.300       1.026    
   1.350       1.041    
   1.400       1.050    
   1.450       1.050    
   1.500       1.039    
   1.550       1.018    
   1.600      0.9901    
   1.650      0.9607    
   1.700      0.9347    
   1.750      0.9161    
   1.800      0.9076    
   1.850      0.9094    
   1.900      0.9205    
   1.950      0.9381    
   2.000      0.9590    
   2.050      0.9804    
   2.100      0.9999    
   2.150       1.016    
   2.200       1.030    
   2.250       1.041    
   2.300       1.051    
   2.350       1.063    
   2.400       1.077    
   2.450       1.095    
   2.500       1.116    
   2.550       1.141    
   2.600       1.166    
   2.650       1.192    
   2.700       1.214    
   2.750       1.232    
   2.800       1.242    
   2.850       1.245    
   2.900       1.239    
   2.950       1.224    
   3.000       1.203    
   3.050       1.175    
   3.100       1.143    
   3.150       1.110    
   3.200       1.076    
   3.250       1.044    
   3.300       1.014    
   3.350      0.9882    
   3.400      0.9660    
   3.450      0.9471    
   3.500      0.9308    
   3.550      0.9161    
   3.600      0.9018    
   3.650      0.8868    
   3.700      0.8698    
   3.750      0.8502    
   3.800      0.8273    
   3.850      0.8010    
   3.900      0.7714    
   3.950      0.7390    
   4.000      0.7045    
   4.050      0.6687    
   4.100      0.6326    
   4.150      0.5973    
   4.200      0.5637    
   4.250      0.5323    
   4.300      0.5040    
   4.350      0.4789    
   4.400      0.4571    
   4.450      0.4387    
   4.500      0.4232    
   4.550      0.4102    
   4.600      0.3991    
   4.650      0.3893    
   4.700      0.3801    
   4.750      0.3709    
   4.800      0.3613    
   4.850      0.3508    
   4.900      0.3391    
   4.950      0.3260    
   5.000      0.3117    
   5.050      0.2961    
   5.100      0.2795    
   5.150      0.2623    
   5.200      0.2448    
   5.250      0.2275    
   5.300      0.2108    
   5.350      0.1950    
   5.400      0.1806    
   5.450      0.1678    
   5.500      0.1568    
   5.550      0.1477    
   5.600      0.1405    
   5.650      0.1351    
   5.700      0.1313    
   5.750      0.1289    
   5.800      0.1275    
   5.850      0.1267    
   5.900      0.1262    
   5.950      0.1256    
   6.000      0.1245    
   6.050      0.1227    
   6.100      0.1200    
   6.150      0.1161    
   6.200      0.1111    
   6.250      0.1050    
   6.300      0.9789E-01
   6.350      0.9000E-01
   6.400      0.8159E-01
   6.450      0.7297E-01
   6.500      0.6447E-01
   6.550      0.5640E-01
   6.600      0.4907E-01
   6.650      0.4275E-01
   6.700      0.3762E-01
   6.750      0.3381E-01
   6.800      0.3136E-01
   6.850      0.3025E-01
   6.900      0.3035E-01
   6.950      0.3149E-01
   7.000      0.3343E-01
   7.050      0.3589E-01
   7.100      0.3858E-01
   7.150      0.4120E-01
   7.200      0.4349E-01
   7.250      0.4520E-01
   7.300      0.4615E-01
   7.350      0.4622E-01
   7.400      0.4533E-01
   7.450      0.4351E-01
   7.500      0.4081E-01
   7.550      0.3736E-01
   7.600      0.3334E-01
   7.650      0.2893E-01
   7.700      0.2437E-01
   7.750      0.1987E-01
   7.800      0.1564E-01
   7.850      0.1186E-01
   7.900      0.8685E-02
   7.950      0.6225E-02
   8.000      0.4541E-02
   8.050      0.3648E-02
   8.100      0.3518E-02
   8.150      0.4082E-02
   8.200      0.5236E-02
   8.250      0.6852E-02
   8.300      0.8785E-02
   8.350      0.1088E-01
   8.400      0.1300E-01
   8.450      0.1499E-01
   8.500      0.1674E-01
   8.550      0.1814E-01
   8.600      0.1912E-01
   8.650      0.1963E-01
   8.700      0.1966E-01
   8.750      0.1922E-01
   8.800      0.1834E-01
   8.850      0.1707E-01
   8.900      0.1549E-01
   8.950      0.1367E-01
   9.000      0.1171E-01
   9.050      0.9691E-02
   9.100      0.7709E-02
   9.150      0.5843E-02
   9.200      0.4168E-02
   9.250      0.2742E-02
   9.300      0.1613E-02
   9.350      0.8133E-03
   9.400      0.3586E-03
   9.450      0.2498E-03
   9.500      0.4733E-03
   9.550      0.1002E-02
   9.600      0.1796E-02
   9.650      0.2807E-02
   9.700      0.3978E-02
   9.750      0.5247E-02
   9.800      0.6548E-02
   9.850      0.7816E-02
   9.900      0.8989E-02
   9.950      0.1001E-01
   10.00      0.1083E-01
   10.05      0.1140E-01
   10.10      0.1171E-01
   10.15      0.1172E-01
   10.20      0.1145E-01
   10.25      0.1091E-01
   10.30      0.1012E-01
   10.35      0.9125E-02
   10.40      0.7976E-02
   10.45      0.6735E-02
   10.50      0.5468E-02
   10.55      0.4242E-02
   10.60      0.3127E-02
   10.65      0.2181E-02
   10.70      0.1458E-02
   10.75      0.9964E-03
   10.80      0.8205E-03
   10.85      0.9371E-03
   10.90      0.1335E-02
   10.95      0.1988E-02
   11.00      0.2849E-02
   11.05      0.3864E-02
   11.10      0.4966E-02
   11.15      0.6082E-02
   11.20      0.7141E-02
   11.25      0.8075E-02
   11.30      0.8826E-02
   11.35      0.9346E-02
   11.40      0.9605E-02
   11.45      0.9591E-02
   11.50      0.9309E-02
   11.55      0.8782E-02
   11.60      0.8048E-02
   11.65      0.7160E-02
   11.70      0.6176E-02
   11.75      0.5162E-02
   11.80      0.4180E-02
   11.85      0.3289E-02
   11.90      0.2539E-02
   11.95      0.1966E-02
   12.00      0.1595E-02
   12.05      0.1432E-02
   12.10      0.1471E-02
   12.15      0.1689E-02
   12.20      0.2053E-02
   12.25      0.2523E-02
   12.30      0.3053E-02
   12.35      0.3593E-02
   12.40      0.4101E-02
   12.45      0.4535E-02
   12.50      0.4865E-02
   12.55      0.5068E-02
   12.60      0.5134E-02
   12.65      0.5062E-02
   12.70      0.4862E-02
   12.75      0.4550E-02
   12.80      0.4152E-02
   12.85      0.3695E-02
   12.90      0.3209E-02
   12.95      0.2723E-02
   13.00      0.2266E-02
   13.05      0.1859E-02
   13.10      0.1522E-02
   13.15      0.1264E-02
   13.20      0.1094E-02
   13.25      0.1011E-02
   13.30      0.1009E-02
   13.35      0.1081E-02
   13.40      0.1211E-02
   13.45      0.1386E-02
   13.50      0.1588E-02
   13.55      0.1800E-02
   13.60      0.2006E-02
   13.65      0.2190E-02
   13.70      0.2340E-02
   13.75      0.2445E-02
   13.80      0.2499E-02
   13.85      0.2498E-02
   13.90      0.2444E-02
   13.95      0.2339E-02
   14.00      0.2193E-02
   14.05      0.2016E-02
   14.10      0.1821E-02
   14.15      0.1624E-02
   14.20      0.1440E-02
   14.25      0.1284E-02
   14.30      0.1169E-02
   14.35      0.1107E-02
   14.40      0.1103E-02
   14.45      0.1160E-02
   14.50      0.1275E-02
   14.55      0.1440E-02
   14.60      0.1643E-02
   14.65      0.1867E-02
   14.70      0.2095E-02
   14.75      0.2307E-02
   14.80      0.2484E-02
   14.85      0.2612E-02
   14.90      0.2677E-02
   14.95      0.2672E-02
   15.00      0.2598E-02
   15.05      0.2458E-02
   15.10      0.2265E-02
   15.15      0.2033E-02
   15.20      0.1782E-02
   15.25      0.1534E-02
   15.30      0.1308E-02
   15.35      0.1125E-02
   15.40      0.9980E-03
   15.45      0.9378E-03
   15.50      0.9474E-03
   15.55      0.1024E-02
   15.60      0.1157E-02
   15.65      0.1333E-02
   15.70      0.1533E-02
   15.75      0.1736E-02
   15.80      0.1920E-02
   15.85      0.2068E-02
   15.90      0.2163E-02
   15.95      0.2195E-02
   16.00      0.2158E-02
   16.05      0.2054E-02
   16.10      0.1891E-02
   16.15      0.1681E-02
   16.20      0.1439E-02
   16.25      0.1183E-02
   16.30      0.9322E-03
   16.35      0.7031E-03
   16.40      0.5101E-03
   16.45      0.3632E-03
   16.50      0.2682E-03
   16.55      0.2258E-03
   16.60      0.2322E-03
   16.65      0.2800E-03
   16.70      0.3589E-03
   16.75      0.4569E-03
   16.80      0.5621E-03
   16.85      0.6630E-03
   16.90      0.7504E-03
   16.95      0.8172E-03
   17.00      0.8594E-03
   17.05      0.8754E-03
   17.10      0.8663E-03
   17.15      0.8352E-03
   17.20      0.7860E-03
   17.25      0.7236E-03
   17.30      0.6526E-03
   17.35      0.5770E-03
   17.40      0.5002E-03
   17.45      0.4245E-03
   17.50      0.3518E-03
   17.55      0.2831E-03
   17.60      0.2198E-03
   17.65      0.1632E-03
   17.70      0.1151E-03
   17.75      0.7820E-04
   17.80      0.5536E-04
   17.85      0.4988E-04
   17.90      0.6482E-04
   17.95      0.1025E-03
   18.00      0.1639E-03
   18.05      0.2483E-03
   18.10      0.3527E-03
   18.15      0.4718E-03
   18.20      0.5983E-03
   18.25      0.7232E-03
   18.30      0.8367E-03
   18.35      0.9288E-03
   18.40      0.9907E-03
   18.45      0.1016E-02
   18.50      0.1000E-02
   18.55      0.9441E-03
   18.60      0.8513E-03
   18.65      0.7293E-03
   18.70      0.5892E-03
   18.75      0.4439E-03
   18.80      0.3079E-03
   18.85      0.1948E-03
   18.90      0.1168E-03
   18.95      0.8270E-04
   19.00      0.9722E-04
   19.05      0.1603E-03
   19.10      0.2669E-03
   19.15      0.4075E-03
   19.20      0.5690E-03
   19.25      0.7358E-03
   19.30      0.8916E-03
   19.35      0.1021E-02
   19.40      0.1111E-02
   19.45      0.1153E-02
   19.50      0.1143E-02
   19.55      0.1080E-02
   19.60      0.9720E-03
   19.65      0.8288E-03
   19.70      0.6644E-03
   19.75      0.4943E-03
   19.80      0.3346E-03
   19.85      0.1995E-03
   19.90      0.1006E-03
   19.95      0.4501E-04
   20.00      0.3537E-04
 END
