# 401 angles,  1 tensor ranks for 0=projectile
@subtitle   "CDCC 8B+208Pb ; N+C q=0,1,2"                                                   
@legend ON
@legend x1 0.2
@legend y1 0.8
@g0 type LOGY
@yaxis ticklabel format power
@legend string   0 "Lab energy =  656.0000"
#legend string   0 "Partition=  1 Excit=  7 near/far= 1"
#  Theta       sigma       iT11        T20         T21         T22         Kyy for projectile
   0.000       20.47    
  0.5000E-01   21.92    
  0.1000       26.14    
  0.1500       32.83    
  0.2000       41.50    
  0.2500       51.51    
  0.3000       62.14    
  0.3500       72.61    
  0.4000       82.19    
  0.4500       90.20    
  0.5000       96.10    
  0.5500       99.49    
  0.6000       100.2    
  0.6500       98.15    
  0.7000       93.59    
  0.7500       86.84    
  0.8000       78.36    
  0.8500       68.74    
  0.9000       58.59    
  0.9500       48.51    
   1.000       39.07    
   1.050       30.75    
   1.100       23.91    
   1.150       18.77    
   1.200       15.44    
   1.250       13.85    
   1.300       13.84    
   1.350       15.16    
   1.400       17.48    
   1.450       20.43    
   1.500       23.66    
   1.550       26.83    
   1.600       29.66    
   1.650       31.92    
   1.700       33.49    
   1.750       34.28    
   1.800       34.32    
   1.850       33.66    
   1.900       32.41    
   1.950       30.73    
   2.000       28.75    
   2.050       26.63    
   2.100       24.50    
   2.150       22.47    
   2.200       20.61    
   2.250       18.98    
   2.300       17.60    
   2.350       16.47    
   2.400       15.60    
   2.450       14.96    
   2.500       14.55    
   2.550       14.35    
   2.600       14.35    
   2.650       14.57    
   2.700       14.98    
   2.750       15.61    
   2.800       16.42    
   2.850       17.40    
   2.900       18.51    
   2.950       19.70    
   3.000       20.89    
   3.050       21.99    
   3.100       22.93    
   3.150       23.61    
   3.200       23.95    
   3.250       23.91    
   3.300       23.46    
   3.350       22.61    
   3.400       21.40    
   3.450       19.90    
   3.500       18.23    
   3.550       16.53    
   3.600       14.92    
   3.650       13.55    
   3.700       12.54    
   3.750       11.99    
   3.800       11.95    
   3.850       12.43    
   3.900       13.40    
   3.950       14.76    
   4.000       16.39    
   4.050       18.13    
   4.100       19.82    
   4.150       21.28    
   4.200       22.37    
   4.250       22.94    
   4.300       22.94    
   4.350       22.33    
   4.400       21.14    
   4.450       19.46    
   4.500       17.41    
   4.550       15.18    
   4.600       12.95    
   4.650       10.90    
   4.700       9.232    
   4.750       8.084    
   4.800       7.564    
   4.850       7.721    
   4.900       8.548    
   4.950       9.975    
   5.000       11.88    
   5.050       14.11    
   5.100       16.45    
   5.150       18.72    
   5.200       20.70    
   5.250       22.24    
   5.300       23.18    
   5.350       23.45    
   5.400       23.02    
   5.450       21.91    
   5.500       20.20    
   5.550       18.04    
   5.600       15.57    
   5.650       12.99    
   5.700       10.49    
   5.750       8.250    
   5.800       6.414    
   5.850       5.102    
   5.900       4.382    
   5.950       4.275    
   6.000       4.751    
   6.050       5.736    
   6.100       7.120    
   6.150       8.766    
   6.200       10.52    
   6.250       12.24    
   6.300       13.78    
   6.350       15.03    
   6.400       15.88    
   6.450       16.30    
   6.500       16.25    
   6.550       15.76    
   6.600       14.87    
   6.650       13.66    
   6.700       12.21    
   6.750       10.63    
   6.800       9.002    
   6.850       7.435    
   6.900       6.005    
   6.950       4.777    
   7.000       3.797    
   7.050       3.090    
   7.100       2.662    
   7.150       2.500    
   7.200       2.581    
   7.250       2.867    
   7.300       3.315    
   7.350       3.878    
   7.400       4.510    
   7.450       5.165    
   7.500       5.801    
   7.550       6.381    
   7.600       6.876    
   7.650       7.259    
   7.700       7.512    
   7.750       7.621    
   7.800       7.581    
   7.850       7.389    
   7.900       7.051    
   7.950       6.580    
   8.000       5.994    
   8.050       5.318    
   8.100       4.581    
   8.150       3.819    
   8.200       3.069    
   8.250       2.370    
   8.300       1.758    
   8.350       1.268    
   8.400      0.9240    
   8.450      0.7457    
   8.500      0.7401    
   8.550      0.9029    
   8.600       1.218    
   8.650       1.660    
   8.700       2.191    
   8.750       2.770    
   8.800       3.349    
   8.850       3.882    
   8.900       4.326    
   8.950       4.646    
   9.000       4.816    
   9.050       4.820    
   9.100       4.658    
   9.150       4.343    
   9.200       3.896    
   9.250       3.352    
   9.300       2.751    
   9.350       2.136    
   9.400       1.550    
   9.450       1.032    
   9.500      0.6138    
   9.550      0.3190    
   9.600      0.1592    
   9.650      0.1347    
   9.700      0.2351    
   9.750      0.4402    
   9.800      0.7226    
   9.850       1.050    
   9.900       1.389    
   9.950       1.707    
   10.00       1.976    
   10.05       2.173    
   10.10       2.283    
   10.15       2.300    
   10.20       2.226    
   10.25       2.070    
   10.30       1.849    
   10.35       1.580    
   10.40       1.287    
   10.45      0.9922    
   10.50      0.7147    
   10.55      0.4719    
   10.60      0.2764    
   10.65      0.1353    
   10.70      0.5107E-01
   10.75      0.2100E-01
   10.80      0.3854E-01
   10.85      0.9419E-01
   10.90      0.1767    
   10.95      0.2741    
   11.00      0.3753    
   11.05      0.4702    
   11.10      0.5511    
   11.15      0.6126    
   11.20      0.6515    
   11.25      0.6672    
   11.30      0.6609    
   11.35      0.6351    
   11.40      0.5934    
   11.45      0.5396    
   11.50      0.4780    
   11.55      0.4121    
   11.60      0.3452    
   11.65      0.2803    
   11.70      0.2195    
   11.75      0.1649    
   11.80      0.1181    
   11.85      0.8040E-01
   11.90      0.5318E-01
   11.95      0.3744E-01
   12.00      0.3394E-01
   12.05      0.4304E-01
   12.10      0.6454E-01
   12.15      0.9756E-01
   12.20      0.1404    
   12.25      0.1906    
   12.30      0.2449    
   12.35      0.2994    
   12.40      0.3501    
   12.45      0.3928    
   12.50      0.4238    
   12.55      0.4402    
   12.60      0.4401    
   12.65      0.4231    
   12.70      0.3902    
   12.75      0.3439    
   12.80      0.2879    
   12.85      0.2270    
   12.90      0.1665    
   12.95      0.1118    
   13.00      0.6762E-01
   13.05      0.3805E-01
   13.10      0.2566E-01
   13.15      0.3141E-01
   13.20      0.5456E-01
   13.25      0.9270E-01
   13.30      0.1420    
   13.35      0.1976    
   13.40      0.2539    
   13.45      0.3056    
   13.50      0.3475    
   13.55      0.3758    
   13.60      0.3878    
   13.65      0.3825    
   13.70      0.3604    
   13.75      0.3238    
   13.80      0.2762    
   13.85      0.2219    
   13.90      0.1658    
   13.95      0.1129    
   14.00      0.6727E-01
   14.05      0.3247E-01
   14.10      0.1067E-01
   14.15      0.2683E-02
   14.20      0.7980E-02
   14.25      0.2476E-01
   14.30      0.5024E-01
   14.35      0.8098E-01
   14.40      0.1133    
   14.45      0.1435    
   14.50      0.1686    
   14.55      0.1863    
   14.60      0.1952    
   14.65      0.1948    
   14.70      0.1859    
   14.75      0.1698    
   14.80      0.1486    
   14.85      0.1246    
   14.90      0.1003    
   14.95      0.7772E-01
   15.00      0.5868E-01
   15.05      0.4431E-01
   15.10      0.3509E-01
   15.15      0.3089E-01
   15.20      0.3104E-01
   15.25      0.3448E-01
   15.30      0.3996E-01
   15.35      0.4621E-01
   15.40      0.5211E-01
   15.45      0.5687E-01
   15.50      0.6005E-01
   15.55      0.6159E-01
   15.60      0.6182E-01
   15.65      0.6128E-01
   15.70      0.6069E-01
   15.75      0.6074E-01
   15.80      0.6197E-01
   15.85      0.6470E-01
   15.90      0.6891E-01
   15.95      0.7427E-01
   16.00      0.8015E-01
   16.05      0.8572E-01
   16.10      0.9006E-01
   16.15      0.9230E-01
   16.20      0.9173E-01
   16.25      0.8799E-01
   16.30      0.8106E-01
   16.35      0.7136E-01
   16.40      0.5968E-01
   16.45      0.4715E-01
   16.50      0.3507E-01
   16.55      0.2479E-01
   16.60      0.1754E-01
   16.65      0.1427E-01
   16.70      0.1555E-01
   16.75      0.2144E-01
   16.80      0.3152E-01
   16.85      0.4485E-01
   16.90      0.6014E-01
   16.95      0.7584E-01
   17.00      0.9030E-01
   17.05      0.1020    
   17.10      0.1096    
   17.15      0.1123    
   17.20      0.1098    
   17.25      0.1022    
   17.30      0.9025E-01
   17.35      0.7521E-01
   17.40      0.5856E-01
   17.45      0.4198E-01
   17.50      0.2710E-01
   17.55      0.1536E-01
   17.60      0.7858E-02
   17.65      0.5190E-02
   17.70      0.7442E-02
   17.75      0.1417E-01
   17.80      0.2446E-01
   17.85      0.3703E-01
   17.90      0.5042E-01
   17.95      0.6308E-01
   18.00      0.7363E-01
   18.05      0.8095E-01
   18.10      0.8431E-01
   18.15      0.8343E-01
   18.20      0.7852E-01
   18.25      0.7021E-01
   18.30      0.5949E-01
   18.35      0.4757E-01
   18.40      0.3572E-01
   18.45      0.2516E-01
   18.50      0.1689E-01
   18.55      0.1161E-01
   18.60      0.9635E-02
   18.65      0.1090E-01
   18.70      0.1495E-01
   18.75      0.2105E-01
   18.80      0.2826E-01
   18.85      0.3558E-01
   18.90      0.4203E-01
   18.95      0.4682E-01
   19.00      0.4940E-01
   19.05      0.4954E-01
   19.10      0.4732E-01
   19.15      0.4313E-01
   19.20      0.3757E-01
   19.25      0.3141E-01
   19.30      0.2545E-01
   19.35      0.2046E-01
   19.40      0.1701E-01
   19.45      0.1548E-01
   19.50      0.1596E-01
   19.55      0.1828E-01
   19.60      0.2203E-01
   19.65      0.2663E-01
   19.70      0.3136E-01
   19.75      0.3555E-01
   19.80      0.3857E-01
   19.85      0.3998E-01
   19.90      0.3956E-01
   19.95      0.3732E-01
   20.00      0.3355E-01
 END
