# 401 angles,  1 tensor ranks for 0=projectile
@subtitle   "CDCC 8B+208Pb ; N+C q=0,1,2"                                                   
@legend ON
@legend x1 0.2
@legend y1 0.8
@g0 type LOGY
@yaxis ticklabel format power
@legend string   0 "Lab energy =  656.0000"
#legend string   0 "Partition=  1 Excit=  6 near/far= 1"
#  Theta       sigma       iT11        T20         T21         T22         Kyy for projectile
   0.000       3.972    
  0.5000E-01   5.436    
  0.1000       9.712    
  0.1500       16.47    
  0.2000       25.18    
  0.2500       35.18    
  0.3000       45.69    
  0.3500       55.91    
  0.4000       65.07    
  0.4500       72.49    
  0.5000       77.64    
  0.5500       80.15    
  0.6000       79.87    
  0.6500       76.86    
  0.7000       71.39    
  0.7500       63.89    
  0.8000       54.93    
  0.8500       45.17    
  0.9000       35.30    
  0.9500       25.97    
   1.000       17.76    
   1.050       11.14    
   1.100       6.426    
   1.150       3.755    
   1.200       3.105    
   1.250       4.294    
   1.300       7.007    
   1.350       10.83    
   1.400       15.29    
   1.450       19.90    
   1.500       24.20    
   1.550       27.80    
   1.600       30.39    
   1.650       31.78    
   1.700       31.90    
   1.750       30.81    
   1.800       28.64    
   1.850       25.63    
   1.900       22.08    
   1.950       18.30    
   2.000       14.60    
   2.050       11.26    
   2.100       8.504    
   2.150       6.495    
   2.200       5.311    
   2.250       4.956    
   2.300       5.362    
   2.350       6.402    
   2.400       7.912    
   2.450       9.701    
   2.500       11.58    
   2.550       13.37    
   2.600       14.92    
   2.650       16.12    
   2.700       16.91    
   2.750       17.26    
   2.800       17.21    
   2.850       16.79    
   2.900       16.08    
   2.950       15.19    
   3.000       14.19    
   3.050       13.18    
   3.100       12.23    
   3.150       11.40    
   3.200       10.73    
   3.250       10.22    
   3.300       9.898    
   3.350       9.739    
   3.400       9.731    
   3.450       9.855    
   3.500       10.09    
   3.550       10.43    
   3.600       10.84    
   3.650       11.34    
   3.700       11.89    
   3.750       12.50    
   3.800       13.14    
   3.850       13.79    
   3.900       14.41    
   3.950       14.97    
   4.000       15.41    
   4.050       15.69    
   4.100       15.77    
   4.150       15.59    
   4.200       15.15    
   4.250       14.43    
   4.300       13.45    
   4.350       12.27    
   4.400       10.93    
   4.450       9.546    
   4.500       8.205    
   4.550       7.020    
   4.600       6.098    
   4.650       5.533    
   4.700       5.396    
   4.750       5.728    
   4.800       6.533    
   4.850       7.775    
   4.900       9.381    
   4.950       11.24    
   5.000       13.22    
   5.050       15.18    
   5.100       16.94    
   5.150       18.38    
   5.200       19.36    
   5.250       19.80    
   5.300       19.64    
   5.350       18.88    
   5.400       17.56    
   5.450       15.78    
   5.500       13.65    
   5.550       11.33    
   5.600       8.991    
   5.650       6.799    
   5.700       4.912    
   5.750       3.460    
   5.800       2.539    
   5.850       2.203    
   5.900       2.457    
   5.950       3.261    
   6.000       4.533    
   6.050       6.156    
   6.100       7.990    
   6.150       9.881    
   6.200       11.68    
   6.250       13.24    
   6.300       14.44    
   6.350       15.20    
   6.400       15.48    
   6.450       15.25    
   6.500       14.55    
   6.550       13.44    
   6.600       12.00    
   6.650       10.34    
   6.700       8.574    
   6.750       6.823    
   6.800       5.191    
   6.850       3.768    
   6.900       2.623    
   6.950       1.800    
   7.000       1.316    
   7.050       1.164    
   7.100       1.314    
   7.150       1.718    
   7.200       2.317    
   7.250       3.042    
   7.300       3.828    
   7.350       4.608    
   7.400       5.326    
   7.450       5.936    
   7.500       6.404    
   7.550       6.709    
   7.600       6.842    
   7.650       6.805    
   7.700       6.609    
   7.750       6.273    
   7.800       5.820    
   7.850       5.277    
   7.900       4.673    
   7.950       4.034    
   8.000       3.389    
   8.050       2.763    
   8.100       2.180    
   8.150       1.662    
   8.200       1.226    
   8.250      0.8877    
   8.300      0.6579    
   8.350      0.5432    
   8.400      0.5451    
   8.450      0.6594    
   8.500      0.8764    
   8.550       1.180    
   8.600       1.550    
   8.650       1.961    
   8.700       2.384    
   8.750       2.789    
   8.800       3.147    
   8.850       3.431    
   8.900       3.619    
   8.950       3.696    
   9.000       3.654    
   9.050       3.493    
   9.100       3.224    
   9.150       2.865    
   9.200       2.439    
   9.250       1.977    
   9.300       1.510    
   9.350       1.071    
   9.400      0.6886    
   9.450      0.3872    
   9.500      0.1841    
   9.550      0.8835E-01
   9.600      0.1002    
   9.650      0.2111    
   9.700      0.4050    
   9.750      0.6597    
   9.800      0.9489    
   9.850       1.245    
   9.900       1.520    
   9.950       1.750    
   10.00       1.917    
   10.05       2.007    
   10.10       2.015    
   10.15       1.943    
   10.20       1.798    
   10.25       1.594    
   10.30       1.350    
   10.35       1.085    
   10.40      0.8194    
   10.45      0.5725    
   10.50      0.3598    
   10.55      0.1930    
   10.60      0.7892E-01
   10.65      0.1926E-01
   10.70      0.1110E-01
   10.75      0.4743E-01
   10.80      0.1182    
   10.85      0.2117    
   10.90      0.3154    
   10.95      0.4175    
   11.00      0.5078    
   11.05      0.5784    
   11.10      0.6242    
   11.15      0.6429    
   11.20      0.6351    
   11.25      0.6034    
   11.30      0.5524    
   11.35      0.4875    
   11.40      0.4148    
   11.45      0.3398    
   11.50      0.2676    
   11.55      0.2020    
   11.60      0.1459    
   11.65      0.1007    
   11.70      0.6693E-01
   11.75      0.4428E-01
   11.80      0.3180E-01
   11.85      0.2824E-01
   11.90      0.3229E-01
   11.95      0.4271E-01
   12.00      0.5842E-01
   12.05      0.7848E-01
   12.10      0.1021    
   12.15      0.1284    
   12.20      0.1564    
   12.25      0.1850    
   12.30      0.2128    
   12.35      0.2381    
   12.40      0.2592    
   12.45      0.2742    
   12.50      0.2816    
   12.55      0.2801    
   12.60      0.2692    
   12.65      0.2491    
   12.70      0.2207    
   12.75      0.1860    
   12.80      0.1477    
   12.85      0.1087    
   12.90      0.7262E-01
   12.95      0.4270E-01
   13.00      0.2189E-01
   13.05      0.1237E-01
   13.10      0.1532E-01
   13.15      0.3078E-01
   13.20      0.5758E-01
   13.25      0.9340E-01
   13.30      0.1350    
   13.35      0.1786    
   13.40      0.2201    
   13.45      0.2555    
   13.50      0.2814    
   13.55      0.2953    
   13.60      0.2960    
   13.65      0.2833    
   13.70      0.2584    
   13.75      0.2238    
   13.80      0.1825    
   13.85      0.1386    
   13.90      0.9588E-01
   13.95      0.5817E-01
   14.00      0.2861E-01
   14.05      0.9444E-02
   14.10      0.1812E-02
   14.15      0.5678E-02
   14.20      0.1987E-01
   14.25      0.4224E-01
   14.30      0.6993E-01
   14.35      0.9969E-01
   14.40      0.1282    
   14.45      0.1525    
   14.50      0.1702    
   14.55      0.1796    
   14.60      0.1802    
   14.65      0.1721    
   14.70      0.1566    
   14.75      0.1354    
   14.80      0.1108    
   14.85      0.8536E-01
   14.90      0.6134E-01
   14.95      0.4078E-01
   15.00      0.2516E-01
   15.05      0.1531E-01
   15.10      0.1136E-01
   15.15      0.1282E-01
   15.20      0.1863E-01
   15.25      0.2741E-01
   15.30      0.3759E-01
   15.35      0.4763E-01
   15.40      0.5624E-01
   15.45      0.6245E-01
   15.50      0.6575E-01
   15.55      0.6609E-01
   15.60      0.6385E-01
   15.65      0.5972E-01
   15.70      0.5461E-01
   15.75      0.4948E-01
   15.80      0.4518E-01
   15.85      0.4237E-01
   15.90      0.4140E-01
   15.95      0.4228E-01
   16.00      0.4467E-01
   16.05      0.4799E-01
   16.10      0.5148E-01
   16.15      0.5432E-01
   16.20      0.5577E-01
   16.25      0.5528E-01
   16.30      0.5261E-01
   16.35      0.4780E-01
   16.40      0.4128E-01
   16.45      0.3372E-01
   16.50      0.2604E-01
   16.55      0.1922E-01
   16.60      0.1422E-01
   16.65      0.1181E-01
   16.70      0.1251E-01
   16.75      0.1645E-01
   16.80      0.2342E-01
   16.85      0.3277E-01
   16.90      0.4359E-01
   16.95      0.5474E-01
   17.00      0.6500E-01
   17.05      0.7319E-01
   17.10      0.7837E-01
   17.15      0.7988E-01
   17.20      0.7748E-01
   17.25      0.7134E-01
   17.30      0.6206E-01
   17.35      0.5058E-01
   17.40      0.3812E-01
   17.45      0.2596E-01
   17.50      0.1540E-01
   17.55      0.7518E-02
   17.60      0.3121E-02
   17.65      0.2615E-02
   17.70      0.5977E-02
   17.75      0.1276E-01
   17.80      0.2213E-01
   17.85      0.3301E-01
   17.90      0.4414E-01
   17.95      0.5428E-01
   18.00      0.6229E-01
   18.05      0.6732E-01
   18.10      0.6884E-01
   18.15      0.6674E-01
   18.20      0.6129E-01
   18.25      0.5314E-01
   18.30      0.4321E-01
   18.35      0.3259E-01
   18.40      0.2241E-01
   18.45      0.1370E-01
   18.50      0.7312E-02
   18.55      0.3777E-02
   18.60      0.3297E-02
   18.65      0.5718E-02
   18.70      0.1056E-01
   18.75      0.1709E-01
   18.80      0.2440E-01
   18.85      0.3156E-01
   18.90      0.3767E-01
   18.95      0.4203E-01
   19.00      0.4416E-01
   19.05      0.4386E-01
   19.10      0.4127E-01
   19.15      0.3676E-01
   19.20      0.3096E-01
   19.25      0.2460E-01
   19.30      0.1846E-01
   19.35      0.1327E-01
   19.40      0.9588E-02
   19.45      0.7787E-02
   19.50      0.7977E-02
   19.55      0.1001E-01
   19.60      0.1352E-01
   19.65      0.1794E-01
   19.70      0.2264E-01
   19.75      0.2695E-01
   19.80      0.3026E-01
   19.85      0.3214E-01
   19.90      0.3234E-01
   19.95      0.3082E-01
   20.00      0.2780E-01
 END
