# 401 angles,  1 tensor ranks for 0=projectile
@subtitle   "CDCC 8B+208Pb ; N+C q=0,1,2"                                                   
@legend ON
@legend x1 0.2
@legend y1 0.8
@g0 type LOGY
@yaxis ticklabel format power
@legend string   0 "Lab energy =  656.0000"
#legend string   0 "Partition=  1 Excit=  3 near/far= 1"
#  Theta       sigma       iT11        T20         T21         T22         Kyy for projectile
   0.000      0.1404    
  0.5000E-01  0.1410    
  0.1000      0.1425    
  0.1500      0.1447    
  0.2000      0.1472    
  0.2500      0.1494    
  0.3000      0.1508    
  0.3500      0.1507    
  0.4000      0.1488    
  0.4500      0.1447    
  0.5000      0.1381    
  0.5500      0.1292    
  0.6000      0.1181    
  0.6500      0.1053    
  0.7000      0.9131E-01
  0.7500      0.7688E-01
  0.8000      0.6273E-01
  0.8500      0.4957E-01
  0.9000      0.3803E-01
  0.9500      0.2863E-01
   1.000      0.2168E-01
   1.050      0.1731E-01
   1.100      0.1542E-01
   1.150      0.1575E-01
   1.200      0.1787E-01
   1.250      0.2122E-01
   1.300      0.2521E-01
   1.350      0.2924E-01
   1.400      0.3278E-01
   1.450      0.3542E-01
   1.500      0.3687E-01
   1.550      0.3703E-01
   1.600      0.3596E-01
   1.650      0.3386E-01
   1.700      0.3107E-01
   1.750      0.2798E-01
   1.800      0.2501E-01
   1.850      0.2256E-01
   1.900      0.2096E-01
   1.950      0.2041E-01
   2.000      0.2098E-01
   2.050      0.2259E-01
   2.100      0.2504E-01
   2.150      0.2799E-01
   2.200      0.3104E-01
   2.250      0.3377E-01
   2.300      0.3576E-01
   2.350      0.3668E-01
   2.400      0.3629E-01
   2.450      0.3451E-01
   2.500      0.3141E-01
   2.550      0.2721E-01
   2.600      0.2229E-01
   2.650      0.1712E-01
   2.700      0.1224E-01
   2.750      0.8194E-02
   2.800      0.5486E-02
   2.850      0.4528E-02
   2.900      0.5593E-02
   2.950      0.8787E-02
   3.000      0.1403E-01
   3.050      0.2107E-01
   3.100      0.2948E-01
   3.150      0.3872E-01
   3.200      0.4816E-01
   3.250      0.5714E-01
   3.300      0.6503E-01
   3.350      0.7128E-01
   3.400      0.7548E-01
   3.450      0.7734E-01
   3.500      0.7681E-01
   3.550      0.7396E-01
   3.600      0.6909E-01
   3.650      0.6260E-01
   3.700      0.5503E-01
   3.750      0.4697E-01
   3.800      0.3900E-01
   3.850      0.3172E-01
   3.900      0.2560E-01
   3.950      0.2104E-01
   4.000      0.1827E-01
   4.050      0.1740E-01
   4.100      0.1838E-01
   4.150      0.2106E-01
   4.200      0.2516E-01
   4.250      0.3033E-01
   4.300      0.3617E-01
   4.350      0.4229E-01
   4.400      0.4829E-01
   4.450      0.5385E-01
   4.500      0.5870E-01
   4.550      0.6262E-01
   4.600      0.6550E-01
   4.650      0.6729E-01
   4.700      0.6799E-01
   4.750      0.6768E-01
   4.800      0.6644E-01
   4.850      0.6440E-01
   4.900      0.6168E-01
   4.950      0.5841E-01
   5.000      0.5471E-01
   5.050      0.5071E-01
   5.100      0.4651E-01
   5.150      0.4224E-01
   5.200      0.3800E-01
   5.250      0.3394E-01
   5.300      0.3017E-01
   5.350      0.2685E-01
   5.400      0.2411E-01
   5.450      0.2209E-01
   5.500      0.2089E-01
   5.550      0.2062E-01
   5.600      0.2130E-01
   5.650      0.2293E-01
   5.700      0.2543E-01
   5.750      0.2866E-01
   5.800      0.3244E-01
   5.850      0.3651E-01
   5.900      0.4059E-01
   5.950      0.4437E-01
   6.000      0.4754E-01
   6.050      0.4985E-01
   6.100      0.5106E-01
   6.150      0.5103E-01
   6.200      0.4968E-01
   6.250      0.4704E-01
   6.300      0.4322E-01
   6.350      0.3843E-01
   6.400      0.3295E-01
   6.450      0.2710E-01
   6.500      0.2124E-01
   6.550      0.1571E-01
   6.600      0.1083E-01
   6.650      0.6889E-02
   6.700      0.4064E-02
   6.750      0.2466E-02
   6.800      0.2108E-02
   6.850      0.2909E-02
   6.900      0.4706E-02
   6.950      0.7269E-02
   7.000      0.1032E-01
   7.050      0.1356E-01
   7.100      0.1669E-01
   7.150      0.1945E-01
   7.200      0.2160E-01
   7.250      0.2299E-01
   7.300      0.2352E-01
   7.350      0.2319E-01
   7.400      0.2204E-01
   7.450      0.2020E-01
   7.500      0.1783E-01
   7.550      0.1512E-01
   7.600      0.1228E-01
   7.650      0.9507E-02
   7.700      0.6975E-02
   7.750      0.4826E-02
   7.800      0.3156E-02
   7.850      0.2014E-02
   7.900      0.1402E-02
   7.950      0.1279E-02
   8.000      0.1568E-02
   8.050      0.2172E-02
   8.100      0.2978E-02
   8.150      0.3875E-02
   8.200      0.4757E-02
   8.250      0.5538E-02
   8.300      0.6154E-02
   8.350      0.6564E-02
   8.400      0.6753E-02
   8.450      0.6728E-02
   8.500      0.6511E-02
   8.550      0.6140E-02
   8.600      0.5657E-02
   8.650      0.5106E-02
   8.700      0.4526E-02
   8.750      0.3952E-02
   8.800      0.3407E-02
   8.850      0.2908E-02
   8.900      0.2462E-02
   8.950      0.2073E-02
   9.000      0.1739E-02
   9.050      0.1458E-02
   9.100      0.1228E-02
   9.150      0.1049E-02
   9.200      0.9244E-03
   9.250      0.8604E-03
   9.300      0.8630E-03
   9.350      0.9378E-03
   9.400      0.1088E-02
   9.450      0.1312E-02
   9.500      0.1601E-02
   9.550      0.1943E-02
   9.600      0.2315E-02
   9.650      0.2691E-02
   9.700      0.3041E-02
   9.750      0.3336E-02
   9.800      0.3546E-02
   9.850      0.3650E-02
   9.900      0.3632E-02
   9.950      0.3488E-02
   10.00      0.3223E-02
   10.05      0.2857E-02
   10.10      0.2415E-02
   10.15      0.1932E-02
   10.20      0.1446E-02
   10.25      0.9978E-03
   10.30      0.6227E-03
   10.35      0.3502E-03
   10.40      0.2003E-03
   10.45      0.1815E-03
   10.50      0.2903E-03
   10.55      0.5114E-03
   10.60      0.8194E-03
   10.65      0.1182E-02
   10.70      0.1561E-02
   10.75      0.1921E-02
   10.80      0.2226E-02
   10.85      0.2450E-02
   10.90      0.2573E-02
   10.95      0.2586E-02
   11.00      0.2491E-02
   11.05      0.2301E-02
   11.10      0.2036E-02
   11.15      0.1722E-02
   11.20      0.1389E-02
   11.25      0.1066E-02
   11.30      0.7781E-03
   11.35      0.5472E-03
   11.40      0.3864E-03
   11.45      0.3011E-03
   11.50      0.2888E-03
   11.55      0.3395E-03
   11.60      0.4378E-03
   11.65      0.5647E-03
   11.70      0.6999E-03
   11.75      0.8242E-03
   11.80      0.9216E-03
   11.85      0.9803E-03
   11.90      0.9944E-03
   11.95      0.9633E-03
   12.00      0.8920E-03
   12.05      0.7897E-03
   12.10      0.6682E-03
   12.15      0.5408E-03
   12.20      0.4201E-03
   12.25      0.3172E-03
   12.30      0.2397E-03
   12.35      0.1919E-03
   12.40      0.1739E-03
   12.45      0.1825E-03
   12.50      0.2117E-03
   12.55      0.2535E-03
   12.60      0.2995E-03
   12.65      0.3418E-03
   12.70      0.3741E-03
   12.75      0.3924E-03
   12.80      0.3953E-03
   12.85      0.3842E-03
   12.90      0.3627E-03
   12.95      0.3358E-03
   13.00      0.3095E-03
   13.05      0.2895E-03
   13.10      0.2804E-03
   13.15      0.2848E-03
   13.20      0.3035E-03
   13.25      0.3347E-03
   13.30      0.3746E-03
   13.35      0.4179E-03
   13.40      0.4585E-03
   13.45      0.4903E-03
   13.50      0.5079E-03
   13.55      0.5079E-03
   13.60      0.4888E-03
   13.65      0.4516E-03
   13.70      0.3998E-03
   13.75      0.3386E-03
   13.80      0.2749E-03
   13.85      0.2158E-03
   13.90      0.1684E-03
   13.95      0.1382E-03
   14.00      0.1291E-03
   14.05      0.1424E-03
   14.10      0.1766E-03
   14.15      0.2280E-03
   14.20      0.2906E-03
   14.25      0.3569E-03
   14.30      0.4191E-03
   14.35      0.4694E-03
   14.40      0.5017E-03
   14.45      0.5115E-03
   14.50      0.4971E-03
   14.55      0.4593E-03
   14.60      0.4018E-03
   14.65      0.3304E-03
   14.70      0.2526E-03
   14.75      0.1763E-03
   14.80      0.1097E-03
   14.85      0.5968E-04
   14.90      0.3120E-04
   14.95      0.2699E-04
   15.00      0.4703E-04
   15.05      0.8870E-04
   15.10      0.1471E-03
   15.15      0.2154E-03
   15.20      0.2861E-03
   15.25      0.3515E-03
   15.30      0.4044E-03
   15.35      0.4395E-03
   15.40      0.4532E-03
   15.45      0.4445E-03
   15.50      0.4148E-03
   15.55      0.3675E-03
   15.60      0.3080E-03
   15.65      0.2426E-03
   15.70      0.1779E-03
   15.75      0.1202E-03
   15.80      0.7457E-04
   15.85      0.4452E-04
   15.90      0.3159E-04
   15.95      0.3529E-04
   16.00      0.5327E-04
   16.05      0.8168E-04
   16.10      0.1157E-03
   16.15      0.1502E-03
   16.20      0.1804E-03
   16.25      0.2022E-03
   16.30      0.2130E-03
   16.35      0.2117E-03
   16.40      0.1989E-03
   16.45      0.1765E-03
   16.50      0.1478E-03
   16.55      0.1168E-03
   16.60      0.8750E-04
   16.65      0.6367E-04
   16.70      0.4825E-04
   16.75      0.4301E-04
   16.80      0.4834E-04
   16.85      0.6322E-04
   16.90      0.8544E-04
   16.95      0.1118E-03
   17.00      0.1388E-03
   17.05      0.1627E-03
   17.10      0.1803E-03
   17.15      0.1893E-03
   17.20      0.1885E-03
   17.25      0.1780E-03
   17.30      0.1592E-03
   17.35      0.1345E-03
   17.40      0.1071E-03
   17.45      0.8054E-04
   17.50      0.5830E-04
   17.55      0.4325E-04
   17.60      0.3739E-04
   17.65      0.4156E-04
   17.70      0.5536E-04
   17.75      0.7716E-04
   17.80      0.1044E-03
   17.85      0.1337E-03
   17.90      0.1615E-03
   17.95      0.1845E-03
   18.00      0.1997E-03
   18.05      0.2054E-03
   18.10      0.2006E-03
   18.15      0.1859E-03
   18.20      0.1629E-03
   18.25      0.1343E-03
   18.30      0.1032E-03
   18.35      0.7323E-04
   18.40      0.4769E-04
   18.45      0.2939E-04
   18.50      0.2025E-04
   18.55      0.2107E-04
   18.60      0.3150E-04
   18.65      0.5002E-04
   18.70      0.7421E-04
   18.75      0.1010E-03
   18.80      0.1271E-03
   18.85      0.1493E-03
   18.90      0.1650E-03
   18.95      0.1723E-03
   19.00      0.1705E-03
   19.05      0.1597E-03
   19.10      0.1415E-03
   19.15      0.1180E-03
   19.20      0.9203E-04
   19.25      0.6672E-04
   19.30      0.4499E-04
   19.35      0.2932E-04
   19.40      0.2143E-04
   19.45      0.2207E-04
   19.50      0.3095E-04
   19.55      0.4681E-04
   19.60      0.6756E-04
   19.65      0.9058E-04
   19.70      0.1130E-03
   19.75      0.1321E-03
   19.80      0.1454E-03
   19.85      0.1516E-03
   19.90      0.1497E-03
   19.95      0.1401E-03
   20.00      0.1238E-03
 END
