# Fusion cross sections for ELAB= 656.000, ECM= 631.567
     0.5  0.6746E-01  1
     0.5  0.1349     -1
     1.5  0.2698      1
     1.5  0.5397     -1
     2.5  0.4048      1
     2.5  0.8095     -1
     3.5  0.5397      1
     3.5   1.079     -1
     4.5  0.6746      1
     4.5   1.349     -1
     5.5  0.8095      1
     5.5   1.619     -1
     6.5  0.9444      1
     6.5   1.889     -1
     7.5   1.079      1
     7.5   2.159     -1
     8.5   1.214      1
     8.5   2.429     -1
     9.5   1.349      1
     9.5   2.698     -1
    10.5   1.484      1
    10.5   2.968     -1
    11.5   1.619      1
    11.5   3.238     -1
    12.5   1.754      1
    12.5   3.508     -1
    13.5   1.889      1
    13.5   3.778     -1
    14.5   2.024      1
    14.5   4.047     -1
    15.5   2.159      1
    15.5   4.317     -1
    16.5   2.294      1
    16.5   4.587     -1
    17.5   2.428      1
    17.5   4.857     -1
    18.5   2.563      1
    18.5   5.127     -1
    19.5   2.698      1
    19.5   5.397     -1
    20.5   2.833      1
    20.5   5.666     -1
    21.5   2.968      1
    21.5   5.936     -1
    22.5   3.103      1
    22.5   6.206     -1
    23.5   3.238      1
    23.5   6.476     -1
    24.5   3.373      1
    24.5   6.746     -1
    25.5   3.508      1
    25.5   7.016     -1
    26.5   3.643      1
    26.5   7.285     -1
    27.5   3.778      1
    27.5   7.555     -1
    28.5   3.913      1
    28.5   7.825     -1
    29.5   4.047      1
    29.5   8.095     -1
    30.5   4.182      1
    30.5   8.365     -1
    31.5   4.317      1
    31.5   8.634     -1
    32.5   4.452      1
    32.5   8.904     -1
    33.5   4.587      1
    33.5   9.174     -1
    34.5   4.722      1
    34.5   9.444     -1
    35.5   4.857      1
    35.5   9.714     -1
    36.5   4.992      1
    36.5   9.984     -1
    37.5   5.127      1
    37.5   10.25     -1
    38.5   5.262      1
    38.5   10.52     -1
    39.5   5.396      1
    39.5   10.79     -1
    40.5   5.531      1
    40.5   11.06     -1
    41.5   5.666      1
    41.5   11.33     -1
    42.5   5.801      1
    42.5   11.60     -1
    43.5   5.936      1
    43.5   11.87     -1
    44.5   6.071      1
    44.5   12.14     -1
    45.5   6.206      1
    45.5   12.41     -1
    46.5   6.341      1
    46.5   12.68     -1
    47.5   6.476      1
    47.5   12.95     -1
    48.5   6.610      1
    48.5   13.22     -1
    49.5   6.745      1
    49.5   13.49     -1
    50.5   6.880      1
    50.5   13.76     -1
    51.5   7.015      1
    51.5   14.03     -1
    52.5   7.150      1
    52.5   14.30     -1
    53.5   7.285      1
    53.5   14.57     -1
    54.5   7.420      1
    54.5   14.84     -1
    55.5   7.554      1
    55.5   15.11     -1
    56.5   7.689      1
    56.5   15.38     -1
    57.5   7.824      1
    57.5   15.65     -1
    58.5   7.959      1
    58.5   15.92     -1
    59.5   8.094      1
    59.5   16.19     -1
    60.5   8.229      1
    60.5   16.46     -1
    61.5   8.363      1
    61.5   16.73     -1
    62.5   8.498      1
    62.5   17.00     -1
    63.5   8.633      1
    63.5   17.27     -1
    64.5   8.768      1
    64.5   17.54     -1
    65.5   8.903      1
    65.5   17.81     -1
    66.5   9.038      1
    66.5   18.08     -1
    67.5   9.172      1
    67.5   18.34     -1
    68.5   9.307      1
    68.5   18.61     -1
    69.5   9.442      1
    69.5   18.88     -1
    70.5   9.577      1
    70.5   19.15     -1
    71.5   9.711      1
    71.5   19.42     -1
    72.5   9.846      1
    72.5   19.69     -1
    73.5   9.980      1
    73.5   19.96     -1
    74.5   10.12      1
    74.5   20.23     -1
    75.5   10.25      1
    75.5   20.50     -1
    76.5   10.39      1
    76.5   20.77     -1
    77.5   10.52      1
    77.5   21.04     -1
    78.5   10.65      1
    78.5   21.31     -1
    79.5   10.79      1
    79.5   21.58     -1
    80.5   10.92      1
    80.5   21.85     -1
    81.5   11.06      1
    81.5   22.12     -1
    82.5   11.19      1
    82.5   22.38     -1
    83.5   11.33      1
    83.5   22.65     -1
    84.5   11.46      1
    84.5   22.92     -1
    85.5   11.59      1
    85.5   23.19     -1
    86.5   11.73      1
    86.5   23.46     -1
    87.5   11.86      1
    87.5   23.73     -1
    88.5   12.00      1
    88.5   24.00     -1
    89.5   12.13      1
    89.5   24.27     -1
    90.5   12.27      1
    90.5   24.53     -1
    91.5   12.40      1
    91.5   24.80     -1
    92.5   12.54      1
    92.5   25.07     -1
    93.5   12.67      1
    93.5   25.34     -1
    94.5   12.80      1
    94.5   25.61     -1
    95.5   12.94      1
    95.5   25.87     -1
    96.5   13.07      1
    96.5   26.14     -1
    97.5   13.20      1
    97.5   26.41     -1
    98.5   13.34      1
    98.5   26.67     -1
    99.5   13.47      1
    99.5   26.94     -1
   100.5   13.60      1
   100.5   27.21     -1
   101.5   13.74      1
   101.5   27.47     -1
   102.5   13.87      1
   102.5   27.74     -1
   103.5   14.00      1
   103.5   28.00     -1
   104.5   14.13      1
   104.5   28.27     -1
   105.5   14.26      1
   105.5   28.53     -1
   106.5   14.40      1
   106.5   28.79     -1
   107.5   14.53      1
   107.5   29.05     -1
   108.5   14.66      1
   108.5   29.32     -1
   109.5   14.79      1
   109.5   29.58     -1
   110.5   14.92      1
   110.5   29.83     -1
   111.5   15.04      1
   111.5   30.09     -1
   112.5   15.17      1
   112.5   30.34     -1
   113.5   15.30      1
   113.5   30.60     -1
   114.5   15.43      1
   114.5   30.85     -1
   115.5   15.54      1
   115.5   31.09     -1
   116.5   15.67      1
   116.5   31.34     -1
   117.5   15.78      1
   117.5   31.57     -1
   118.5   15.91      1
   118.5   31.81     -1
   119.5   16.01      1
   119.5   32.04     -1
   120.5   16.14      1
   120.5   32.26     -1
   121.5   16.23      1
   121.5   32.48     -1
   122.5   16.35      1
   122.5   32.68     -1
   123.5   16.43      1
   123.5   32.88     -1
   124.5   16.55      1
   124.5   33.07     -1
   125.5   16.61      1
   125.5   33.25     -1
   126.5   16.73      1
   126.5   33.42     -1
   127.5   16.77      1
   127.5   33.57     -1
   128.5   16.88      1
   128.5   33.71     -1
   129.5   16.89      1
   129.5   33.83     -1
   130.5   17.00      1
   130.5   33.94     -1
   131.5   16.98      1
   131.5   34.03     -1
   132.5   17.08      1
   132.5   34.09     -1
   133.5   17.03      1
   133.5   34.14     -1
   134.5   17.13      1
   134.5   34.16     -1
   135.5   17.03      1
   135.5   34.16     -1
   136.5   17.12      1
   136.5   34.13     -1
   137.5   16.97      1
   137.5   34.07     -1
   138.5   17.06      1
   138.5   33.99     -1
   139.5   16.86      1
   139.5   33.87     -1
   140.5   16.94      1
   140.5   33.72     -1
   141.5   16.67      1
   141.5   33.53     -1
   142.5   16.76      1
   142.5   33.31     -1
   143.5   16.42      1
   143.5   33.06     -1
   144.5   16.50      1
   144.5   32.76     -1
   145.5   16.09      1
   145.5   32.43     -1
   146.5   16.16      1
   146.5   32.06     -1
   147.5   15.68      1
   147.5   31.65     -1
   148.5   15.75      1
   148.5   31.20     -1
   149.5   15.20      1
   149.5   30.72     -1
   150.5   15.27      1
   150.5   30.20     -1
   151.5   14.64      1
   151.5   29.64     -1
   152.5   14.71      1
   152.5   29.05     -1
   153.5   14.02      1
   153.5   28.42     -1
   154.5   14.08      1
   154.5   27.77     -1
   155.5   13.34      1
   155.5   27.08     -1
   156.5   13.40      1
   156.5   26.38     -1
   157.5   12.61      1
   157.5   25.65     -1
   158.5   12.67      1
   158.5   24.90     -1
   159.5   11.84      1
   159.5   24.13     -1
   160.5   11.90      1
   160.5   23.35     -1
   161.5   11.06      1
   161.5   22.57     -1
   162.5   11.11      1
   162.5   21.77     -1
   163.5   10.26      1
   163.5   20.97     -1
   164.5   10.31      1
   164.5   20.18     -1
   165.5   9.470      1
   165.5   19.38     -1
   166.5   9.518      1
   166.5   18.60     -1
   167.5   8.694      1
   167.5   17.82     -1
   168.5   8.738      1
   168.5   17.05     -1
   169.5   7.943      1
   169.5   16.30     -1
   170.5   7.982      1
   170.5   15.56     -1
   171.5   7.225      1
   171.5   14.84     -1
   172.5   7.260      1
   172.5   14.14     -1
   173.5   6.546      1
   173.5   13.46     -1
   174.5   6.576      1
   174.5   12.80     -1
   175.5   5.911      1
   175.5   12.16     -1
   176.5   5.936      1
   176.5   11.55     -1
   177.5   5.322      1
   177.5   10.95     -1
   178.5   5.341      1
   178.5   10.39     -1
   179.5   4.779      1
   179.5   9.840     -1
   180.5   4.793      1
   180.5   9.318     -1
   181.5   4.283      1
   181.5   8.820     -1
   182.5   4.292      1
   182.5   8.344     -1
   183.5   3.832      1
   183.5   7.891     -1
   184.5   3.836      1
   184.5   7.459     -1
   185.5   3.424      1
   185.5   7.049     -1
   186.5   3.424      1
   186.5   6.660     -1
   187.5   3.058      1
   187.5   6.291     -1
   188.5   3.053      1
   188.5   5.941     -1
   189.5   2.729      1
   189.5   5.610     -1
   190.5   2.720      1
   190.5   5.297     -1
   191.5   2.434      1
   191.5   5.002     -1
   192.5   2.423      1
   192.5   4.722     -1
   193.5   2.172      1
   193.5   4.458     -1
   194.5   2.157      1
   194.5   4.210     -1
   195.5   1.939      1
   195.5   3.975     -1
   196.5   1.921      1
   196.5   3.754     -1
   197.5   1.732      1
   197.5   3.546     -1
   198.5   1.712      1
   198.5   3.349     -1
   199.5   1.548      1
   199.5   3.165     -1
   200.5   1.526      1
   200.5   2.991     -1
 &
