# 401 angles,  1 tensor ranks for 0=projectile
@subtitle   "CDCC 8B+208Pb ; N+C q=0,1,2"                                                   
@legend ON
@legend x1 0.2
@legend y1 0.8
@g0 type LOGY
@yaxis ticklabel format power
@legend string   0 "Lab energy =  656.0000"
#legend string   0 "Partition=  1 Excit=  5 near/far= 1"
#  Theta       sigma       iT11        T20         T21         T22         Kyy for projectile
   0.000       1.197    
  0.5000E-01   1.812    
  0.1000       3.602    
  0.1500       6.410    
  0.2000       9.989    
  0.2500       14.03    
  0.3000       18.17    
  0.3500       22.05    
  0.4000       25.34    
  0.4500       27.76    
  0.5000       29.10    
  0.5500       29.24    
  0.6000       28.19    
  0.6500       26.03    
  0.7000       22.96    
  0.7500       19.25    
  0.8000       15.20    
  0.8500       11.14    
  0.9000       7.416    
  0.9500       4.302    
   1.000       2.028    
   1.050      0.7411    
   1.100      0.4954    
   1.150       1.252    
   1.200       2.886    
   1.250       5.198    
   1.300       7.935    
   1.350       10.82    
   1.400       13.56    
   1.450       15.90    
   1.500       17.63    
   1.550       18.59    
   1.600       18.72    
   1.650       18.01    
   1.700       16.55    
   1.750       14.49    
   1.800       12.02    
   1.850       9.374    
   1.900       6.785    
   1.950       4.477    
   2.000       2.639    
   2.050       1.410    
   2.100      0.8694    
   2.150       1.032    
   2.200       1.849    
   2.250       3.214    
   2.300       4.977    
   2.350       6.960    
   2.400       8.973    
   2.450       10.83    
   2.500       12.38    
   2.550       13.48    
   2.600       14.07    
   2.650       14.11    
   2.700       13.63    
   2.750       12.69    
   2.800       11.39    
   2.850       9.862    
   2.900       8.252    
   2.950       6.696    
   3.000       5.321    
   3.050       4.230    
   3.100       3.496    
   3.150       3.154    
   3.200       3.205    
   3.250       3.617    
   3.300       4.330    
   3.350       5.264    
   3.400       6.327    
   3.450       7.426    
   3.500       8.471    
   3.550       9.386    
   3.600       10.11    
   3.650       10.61    
   3.700       10.87    
   3.750       10.88    
   3.800       10.67    
   3.850       10.27    
   3.900       9.712    
   3.950       9.042    
   4.000       8.302    
   4.050       7.531    
   4.100       6.763    
   4.150       6.027    
   4.200       5.343    
   4.250       4.729    
   4.300       4.198    
   4.350       3.764    
   4.400       3.436    
   4.450       3.225    
   4.500       3.141    
   4.550       3.192    
   4.600       3.385    
   4.650       3.721    
   4.700       4.194    
   4.750       4.789    
   4.800       5.483    
   4.850       6.243    
   4.900       7.026    
   4.950       7.782    
   5.000       8.457    
   5.050       9.000    
   5.100       9.360    
   5.150       9.499    
   5.200       9.391    
   5.250       9.026    
   5.300       8.415    
   5.350       7.586    
   5.400       6.587    
   5.450       5.482    
   5.500       4.343    
   5.550       3.249    
   5.600       2.279    
   5.650       1.502    
   5.700      0.9758    
   5.750      0.7389    
   5.800      0.8075    
   5.850       1.175    
   5.900       1.810    
   5.950       2.661    
   6.000       3.661    
   6.050       4.729    
   6.100       5.781    
   6.150       6.735    
   6.200       7.517    
   6.250       8.068    
   6.300       8.347    
   6.350       8.337    
   6.400       8.041    
   6.450       7.485    
   6.500       6.715    
   6.550       5.789    
   6.600       4.778    
   6.650       3.753    
   6.700       2.783    
   6.750       1.932    
   6.800       1.248    
   6.850      0.7640    
   6.900      0.4975    
   6.950      0.4467    
   7.000      0.5937    
   7.050      0.9071    
   7.100       1.345    
   7.150       1.860    
   7.200       2.402    
   7.250       2.923    
   7.300       3.382    
   7.350       3.746    
   7.400       3.993    
   7.450       4.110    
   7.500       4.097    
   7.550       3.963    
   7.600       3.724    
   7.650       3.403    
   7.700       3.026    
   7.750       2.618    
   7.800       2.204    
   7.850       1.807    
   7.900       1.444    
   7.950       1.128    
   8.000      0.8671    
   8.050      0.6660    
   8.100      0.5243    
   8.150      0.4392    
   8.200      0.4057    
   8.250      0.4177    
   8.300      0.4684    
   8.350      0.5508    
   8.400      0.6580    
   8.450      0.7832    
   8.500      0.9199    
   8.550       1.061    
   8.600       1.200    
   8.650       1.329    
   8.700       1.442    
   8.750       1.531    
   8.800       1.589    
   8.850       1.612    
   8.900       1.596    
   8.950       1.538    
   9.000       1.441    
   9.050       1.307    
   9.100       1.144    
   9.150      0.9603    
   9.200      0.7671    
   9.250      0.5768    
   9.300      0.4016    
   9.350      0.2532    
   9.400      0.1415    
   9.450      0.7331E-01
   9.500      0.5241E-01
   9.550      0.7861E-01
   9.600      0.1480    
   9.650      0.2530    
   9.700      0.3833    
   9.750      0.5267    
   9.800      0.6699    
   9.850      0.8000    
   9.900      0.9057    
   9.950      0.9777    
   10.00       1.010    
   10.05       1.001    
   10.10      0.9515    
   10.15      0.8664    
   10.20      0.7535    
   10.25      0.6225    
   10.30      0.4844    
   10.35      0.3500    
   10.40      0.2295    
   10.45      0.1310    
   10.50      0.6019E-01
   10.55      0.2005E-01
   10.60      0.1051E-01
   10.65      0.2880E-01
   10.70      0.6984E-01
   10.75      0.1269    
   10.80      0.1923    
   10.85      0.2583    
   10.90      0.3178    
   10.95      0.3648    
   11.00      0.3953    
   11.05      0.4071    
   11.10      0.4000    
   11.15      0.3755    
   11.20      0.3370    
   11.25      0.2885    
   11.30      0.2348    
   11.35      0.1805    
   11.40      0.1300    
   11.45      0.8650E-01
   11.50      0.5239E-01
   11.55      0.2875E-01
   11.60      0.1554E-01
   11.65      0.1175E-01
   11.70      0.1563E-01
   11.75      0.2499E-01
   11.80      0.3753E-01
   11.85      0.5111E-01
   11.90      0.6397E-01
   11.95      0.7486E-01
   12.00      0.8313E-01
   12.05      0.8866E-01
   12.10      0.9177E-01
   12.15      0.9309E-01
   12.20      0.9332E-01
   12.25      0.9315E-01
   12.30      0.9305E-01
   12.35      0.9324E-01
   12.40      0.9359E-01
   12.45      0.9375E-01
   12.50      0.9313E-01
   12.55      0.9113E-01
   12.60      0.8717E-01
   12.65      0.8092E-01
   12.70      0.7232E-01
   12.75      0.6173E-01
   12.80      0.4985E-01
   12.85      0.3771E-01
   12.90      0.2655E-01
   12.95      0.1769E-01
   13.00      0.1235E-01
   13.05      0.1145E-01
   13.10      0.1555E-01
   13.15      0.2466E-01
   13.20      0.3826E-01
   13.25      0.5530E-01
   13.30      0.7428E-01
   13.35      0.9343E-01
   13.40      0.1109    
   13.45      0.1248    
   13.50      0.1337    
   13.55      0.1367    
   13.60      0.1333    
   13.65      0.1236    
   13.70      0.1087    
   13.75      0.8990E-01
   13.80      0.6905E-01
   13.85      0.4819E-01
   13.90      0.2936E-01
   13.95      0.1437E-01
   14.00      0.4629E-02
   14.05      0.9674E-03
   14.10      0.3587E-02
   14.15      0.1203E-01
   14.20      0.2523E-01
   14.25      0.4167E-01
   14.30      0.5949E-01
   14.35      0.7676E-01
   14.40      0.9165E-01
   14.45      0.1026    
   14.50      0.1086    
   14.55      0.1090    
   14.60      0.1040    
   14.65      0.9409E-01
   14.70      0.8051E-01
   14.75      0.6465E-01
   14.80      0.4813E-01
   14.85      0.3257E-01
   14.90      0.1938E-01
   14.95      0.9648E-02
   15.00      0.4023E-02
   15.05      0.2677E-02
   15.10      0.5305E-02
   15.15      0.1119E-01
   15.20      0.1929E-01
   15.25      0.2841E-01
   15.30      0.3733E-01
   15.35      0.4493E-01
   15.40      0.5034E-01
   15.45      0.5300E-01
   15.50      0.5276E-01
   15.55      0.4980E-01
   15.60      0.4465E-01
   15.65      0.3804E-01
   15.70      0.3087E-01
   15.75      0.2404E-01
   15.80      0.1833E-01
   15.85      0.1435E-01
   15.90      0.1242E-01
   15.95      0.1259E-01
   16.00      0.1463E-01
   16.05      0.1804E-01
   16.10      0.2218E-01
   16.15      0.2636E-01
   16.20      0.2988E-01
   16.25      0.3217E-01
   16.30      0.3288E-01
   16.35      0.3187E-01
   16.40      0.2926E-01
   16.45      0.2541E-01
   16.50      0.2086E-01
   16.55      0.1624E-01
   16.60      0.1222E-01
   16.65      0.9390E-02
   16.70      0.8182E-02
   16.75      0.8831E-02
   16.80      0.1132E-01
   16.85      0.1540E-01
   16.90      0.2059E-01
   16.95      0.2627E-01
   17.00      0.3175E-01
   17.05      0.3632E-01
   17.10      0.3940E-01
   17.15      0.4056E-01
   17.20      0.3961E-01
   17.25      0.3660E-01
   17.30      0.3184E-01
   17.35      0.2586E-01
   17.40      0.1932E-01
   17.45      0.1295E-01
   17.50      0.7503E-02
   17.55      0.3585E-02
   17.60      0.1647E-02
   17.65      0.1907E-02
   17.70      0.4326E-02
   17.75      0.8616E-02
   17.80      0.1427E-01
   17.85      0.2064E-01
   17.90      0.2697E-01
   17.95      0.3254E-01
   18.00      0.3671E-01
   18.05      0.3901E-01
   18.10      0.3918E-01
   18.15      0.3722E-01
   18.20      0.3337E-01
   18.25      0.2806E-01
   18.30      0.2191E-01
   18.35      0.1560E-01
   18.40      0.9828E-02
   18.45      0.5206E-02
   18.50      0.2203E-02
   18.55      0.1091E-02
   18.60      0.1918E-02
   18.65      0.4503E-02
   18.70      0.8469E-02
   18.75      0.1329E-01
   18.80      0.1835E-01
   18.85      0.2303E-01
   18.90      0.2677E-01
   18.95      0.2913E-01
   19.00      0.2986E-01
   19.05      0.2891E-01
   19.10      0.2640E-01
   19.15      0.2268E-01
   19.20      0.1819E-01
   19.25      0.1348E-01
   19.30      0.9080E-02
   19.35      0.5494E-02
   19.40      0.3095E-02
   19.45      0.2107E-02
   19.50      0.2574E-02
   19.55      0.4363E-02
   19.60      0.7184E-02
   19.65      0.1063E-01
   19.70      0.1423E-01
   19.75      0.1750E-01
   19.80      0.2004E-01
   19.85      0.2151E-01
   19.90      0.2174E-01
   19.95      0.2072E-01
   20.00      0.1860E-01
 END
