# 401 angles,  1 tensor ranks for 0=projectile
@subtitle   "CDCC 8B+208Pb ; N+C q=0,1,2"                                                   
@legend ON
@legend x1 0.2
@legend y1 0.8
@g0 type LOGY
@yaxis ticklabel format power
@legend string   0 "Lab energy =  656.0000"
#legend string   0 "Partition=  1 Excit=  9 near/far= 1"
#  Theta       sigma       iT11        T20         T21         T22         Kyy for projectile
   0.000       71.39    
  0.5000E-01   71.44    
  0.1000       71.58    
  0.1500       71.82    
  0.2000       72.13    
  0.2500       72.49    
  0.3000       72.88    
  0.3500       73.27    
  0.4000       73.61    
  0.4500       73.86    
  0.5000       73.97    
  0.5500       73.89    
  0.6000       73.56    
  0.6500       72.91    
  0.7000       71.90    
  0.7500       70.46    
  0.8000       68.56    
  0.8500       66.16    
  0.9000       63.26    
  0.9500       59.86    
   1.000       55.99    
   1.050       51.73    
   1.100       47.15    
   1.150       42.38    
   1.200       37.56    
   1.250       32.86    
   1.300       28.45    
   1.350       24.51    
   1.400       21.20    
   1.450       18.67    
   1.500       17.06    
   1.550       16.42    
   1.600       16.79    
   1.650       18.14    
   1.700       20.38    
   1.750       23.36    
   1.800       26.89    
   1.850       30.74    
   1.900       34.63    
   1.950       38.30    
   2.000       41.48    
   2.050       43.94    
   2.100       45.49    
   2.150       45.99    
   2.200       45.39    
   2.250       43.71    
   2.300       41.04    
   2.350       37.56    
   2.400       33.50    
   2.450       29.13    
   2.500       24.76    
   2.550       20.69    
   2.600       17.21    
   2.650       14.56    
   2.700       12.92    
   2.750       12.39    
   2.800       12.99    
   2.850       14.65    
   2.900       17.23    
   2.950       20.51    
   3.000       24.21    
   3.050       28.03    
   3.100       31.67    
   3.150       34.83    
   3.200       37.26    
   3.250       38.78    
   3.300       39.26    
   3.350       38.69    
   3.400       37.10    
   3.450       34.64    
   3.500       31.51    
   3.550       27.94    
   3.600       24.24    
   3.650       20.67    
   3.700       17.49    
   3.750       14.95    
   3.800       13.19    
   3.850       12.33    
   3.900       12.38    
   3.950       13.29    
   4.000       14.94    
   4.050       17.14    
   4.100       19.68    
   4.150       22.31    
   4.200       24.80    
   4.250       26.92    
   4.300       28.49    
   4.350       29.37    
   4.400       29.51    
   4.450       28.89    
   4.500       27.57    
   4.550       25.67    
   4.600       23.35    
   4.650       20.79    
   4.700       18.19    
   4.750       15.76    
   4.800       13.66    
   4.850       12.04    
   4.900       10.99    
   4.950       10.55    
   5.000       10.73    
   5.050       11.46    
   5.100       12.65    
   5.150       14.16    
   5.200       15.85    
   5.250       17.57    
   5.300       19.15    
   5.350       20.47    
   5.400       21.42    
   5.450       21.92    
   5.500       21.95    
   5.550       21.50    
   5.600       20.62    
   5.650       19.37    
   5.700       17.83    
   5.750       16.13    
   5.800       14.35    
   5.850       12.62    
   5.900       11.03    
   5.950       9.661    
   6.000       8.567    
   6.050       7.789    
   6.100       7.340    
   6.150       7.209    
   6.200       7.370    
   6.250       7.779    
   6.300       8.380    
   6.350       9.111    
   6.400       9.907    
   6.450       10.70    
   6.500       11.45    
   6.550       12.08    
   6.600       12.56    
   6.650       12.86    
   6.700       12.96    
   6.750       12.84    
   6.800       12.51    
   6.850       11.98    
   6.900       11.27    
   6.950       10.41    
   7.000       9.436    
   7.050       8.393    
   7.100       7.327    
   7.150       6.285    
   7.200       5.315    
   7.250       4.463    
   7.300       3.768    
   7.350       3.259    
   7.400       2.960    
   7.450       2.877    
   7.500       3.009    
   7.550       3.336    
   7.600       3.829    
   7.650       4.446    
   7.700       5.138    
   7.750       5.849    
   7.800       6.521    
   7.850       7.100    
   7.900       7.538    
   7.950       7.795    
   8.000       7.847    
   8.050       7.683    
   8.100       7.308    
   8.150       6.744    
   8.200       6.026    
   8.250       5.200    
   8.300       4.321    
   8.350       3.445    
   8.400       2.629    
   8.450       1.924    
   8.500       1.372    
   8.550       1.001    
   8.600      0.8259    
   8.650      0.8458    
   8.700       1.045    
   8.750       1.395    
   8.800       1.855    
   8.850       2.381    
   8.900       2.921    
   8.950       3.428    
   9.000       3.859    
   9.050       4.177    
   9.100       4.358    
   9.150       4.390    
   9.200       4.271    
   9.250       4.014    
   9.300       3.641    
   9.350       3.181    
   9.400       2.668    
   9.450       2.141    
   9.500       1.634    
   9.550       1.179    
   9.600      0.8008    
   9.650      0.5176    
   9.700      0.3379    
   9.750      0.2621    
   9.800      0.2823    
   9.850      0.3841    
   9.900      0.5480    
   9.950      0.7517    
   10.00      0.9720    
   10.05       1.187    
   10.10       1.376    
   10.15       1.526    
   10.20       1.624    
   10.25       1.665    
   10.30       1.650    
   10.35       1.581    
   10.40       1.467    
   10.45       1.317    
   10.50       1.143    
   10.55      0.9570    
   10.60      0.7711    
   10.65      0.5953    
   10.70      0.4380    
   10.75      0.3057    
   10.80      0.2023    
   10.85      0.1297    
   10.90      0.8776E-01
   10.95      0.7471E-01
   11.00      0.8741E-01
   11.05      0.1218    
   11.10      0.1730    
   11.15      0.2361    
   11.20      0.3058    
   11.25      0.3771    
   11.30      0.4453    
   11.35      0.5058    
   11.40      0.5550    
   11.45      0.5898    
   11.50      0.6079    
   11.55      0.6082    
   11.60      0.5904    
   11.65      0.5556    
   11.70      0.5058    
   11.75      0.4441    
   11.80      0.3748    
   11.85      0.3024    
   11.90      0.2321    
   11.95      0.1691    
   12.00      0.1178    
   12.05      0.8222E-01
   12.10      0.6497E-01
   12.15      0.6732E-01
   12.20      0.8891E-01
   12.25      0.1278    
   12.30      0.1807    
   12.35      0.2428    
   12.40      0.3088    
   12.45      0.3730    
   12.50      0.4296    
   12.55      0.4737    
   12.60      0.5015    
   12.65      0.5105    
   12.70      0.5000    
   12.75      0.4710    
   12.80      0.4261    
   12.85      0.3692    
   12.90      0.3054    
   12.95      0.2399    
   13.00      0.1784    
   13.05      0.1256    
   13.10      0.8566E-01
   13.15      0.6115E-01
   13.20      0.5327E-01
   13.25      0.6162E-01
   13.30      0.8431E-01
   13.35      0.1182    
   13.40      0.1593    
   13.45      0.2031    
   13.50      0.2449    
   13.55      0.2806    
   13.60      0.3069    
   13.65      0.3212    
   13.70      0.3226    
   13.75      0.3110    
   13.80      0.2878    
   13.85      0.2553    
   13.90      0.2165    
   13.95      0.1746    
   14.00      0.1332    
   14.05      0.9525E-01
   14.10      0.6345E-01
   14.15      0.3959E-01
   14.20      0.2464E-01
   14.25      0.1869E-01
   14.30      0.2105E-01
   14.35      0.3036E-01
   14.40      0.4484E-01
   14.45      0.6243E-01
   14.50      0.8111E-01
   14.55      0.9899E-01
   14.60      0.1146    
   14.65      0.1267    
   14.70      0.1349    
   14.75      0.1388    
   14.80      0.1389    
   14.85      0.1355    
   14.90      0.1295    
   14.95      0.1217    
   15.00      0.1127    
   15.05      0.1032    
   15.10      0.9385E-01
   15.15      0.8483E-01
   15.20      0.7637E-01
   15.25      0.6858E-01
   15.30      0.6150E-01
   15.35      0.5519E-01
   15.40      0.4977E-01
   15.45      0.4541E-01
   15.50      0.4237E-01
   15.55      0.4098E-01
   15.60      0.4155E-01
   15.65      0.4433E-01
   15.70      0.4947E-01
   15.75      0.5692E-01
   15.80      0.6642E-01
   15.85      0.7746E-01
   15.90      0.8932E-01
   15.95      0.1011    
   16.00      0.1118    
   16.05      0.1204    
   16.10      0.1260    
   16.15      0.1280    
   16.20      0.1258    
   16.25      0.1196    
   16.30      0.1097    
   16.35      0.9677E-01
   16.40      0.8191E-01
   16.45      0.6640E-01
   16.50      0.5161E-01
   16.55      0.3888E-01
   16.60      0.2939E-01
   16.65      0.2401E-01
   16.70      0.2321E-01
   16.75      0.2702E-01
   16.80      0.3503E-01
   16.85      0.4640E-01
   16.90      0.5996E-01
   16.95      0.7433E-01
   17.00      0.8806E-01
   17.05      0.9976E-01
   17.10      0.1083    
   17.15      0.1128    
   17.20      0.1128    
   17.25      0.1084    
   17.30      0.1000    
   17.35      0.8856E-01
   17.40      0.7507E-01
   17.45      0.6086E-01
   17.50      0.4725E-01
   17.55      0.3543E-01
   17.60      0.2637E-01
   17.65      0.2072E-01
   17.70      0.1875E-01
   17.75      0.2034E-01
   17.80      0.2503E-01
   17.85      0.3204E-01
   17.90      0.4041E-01
   17.95      0.4910E-01
   18.00      0.5709E-01
   18.05      0.6351E-01
   18.10      0.6770E-01
   18.15      0.6932E-01
   18.20      0.6828E-01
   18.25      0.6483E-01
   18.30      0.5945E-01
   18.35      0.5279E-01
   18.40      0.4561E-01
   18.45      0.3864E-01
   18.50      0.3256E-01
   18.55      0.2787E-01
   18.60      0.2487E-01
   18.65      0.2364E-01
   18.70      0.2405E-01
   18.75      0.2577E-01
   18.80      0.2836E-01
   18.85      0.3131E-01
   18.90      0.3412E-01
   18.95      0.3638E-01
   19.00      0.3778E-01
   19.05      0.3817E-01
   19.10      0.3758E-01
   19.15      0.3619E-01
   19.20      0.3427E-01
   19.25      0.3220E-01
   19.30      0.3035E-01
   19.35      0.2904E-01
   19.40      0.2853E-01
   19.45      0.2893E-01
   19.50      0.3020E-01
   19.55      0.3219E-01
   19.60      0.3460E-01
   19.65      0.3708E-01
   19.70      0.3923E-01
   19.75      0.4071E-01
   19.80      0.4121E-01
   19.85      0.4059E-01
   19.90      0.3881E-01
   19.95      0.3603E-01
   20.00      0.3250E-01
 END
