 Integrated cross sections for all states
  1  1  2  6.5600E+02  0.1370
   1  21
  1.5 -1  0.0000  0.0  1  0.0000  3.6803E+03  6.9438E+03  3.2635E+03
  0.5  1  0.1583  0.0  1  0.0000  1.1377E-07
  0.5  1  0.2180  0.0  1  0.0000  2.1092E-03
  0.5  1  0.3260  0.0  1  0.0000  7.4814E-02
  0.5  1  0.4830  0.0  1  0.0000  3.8261E-01
  0.5  1  0.6889  0.0  1  0.0000  7.4487E-01
  0.5  1  0.9438  0.0  1  0.0000  9.9786E-01
  0.5  1  1.2478  0.0  1  0.0000  1.1860E+00
  0.5  1  1.6007  0.0  1  0.0000  1.1686E+00
  0.5  1  2.0027  0.0  1  0.0000  1.0411E+00
  0.5  1  2.4536  0.0  1  0.0000  9.3316E-01
  0.5  1  2.9536  0.0  1  0.0000  7.7490E-01
  0.5  1  3.5025  0.0  1  0.0000  6.6887E-01
  0.5  1  4.1005  0.0  1  0.0000  6.4701E-01
  0.5  1  4.7474  0.0  1  0.0000  5.5789E-01
  0.5  1  5.4434  0.0  1  0.0000  4.6396E-01
  0.5  1  6.1884  0.0  1  0.0000  4.5840E-01
  0.5  1  6.9824  0.0  1  0.0000  4.1327E-01
  0.5  1  7.8253  0.0  1  0.0000  2.9643E-01
  0.5  1  8.7173  0.0  1  0.0000  2.8427E-01
  0.5  1  9.6583  0.0  1  0.0000  2.3776E-01
   2   1
  0.0  1  0.0000  0.0  1  0.0000  0.0000E+00
